1 0.63828125 0.3109375 0.075 0.04375
0 0.191296875 0.3971609375 0.1934 0.40991875 0.7210015624999999 0.38399218749999997 0.720403125 0.36603281249999997 0.191296875 0.3971609375
3 0.67890625 0.38359375 0.009375 0.0203125
3 0.63828125 0.38671875 0.009375 0.0234375
3 0.5953125 0.3859375 0.009375 0.0171875
3 0.559375 0.38984375 0.0109375 0.0203125
3 0.51015625 0.39453125 0.009375 0.0234375
3 0.4671875 0.3921875 0.0109375 0.0125
3 0.4234375 0.39296875 0.0125 0.0125
3 0.38203125 0.3984375 0.009375 0.015625
3 0.3375 0.40078125 0.009375 0.015625
4 0.3328125 0.375 0.00625 0.0375
4 0.3828125 0.36875 0.009375 0.040625
4 0.425 0.36640625 0.0078125 0.04375
4 0.46953125 0.36796875 0.00625 0.040625
4 0.5109375 0.36484375 0.0078125 0.040625
4 0.559375 0.36328125 0.009375 0.028125
4 0.59609375 0.3625 0.009375 0.0265625
4 0.63984375 0.3609375 0.00625 0.03125
4 0.6796875 0.36015625 0.00625 0.028125
2 0.35859375 0.39296875 0.046875 0.0125
2 0.403125 0.39140625 0.04375 0.015625
2 0.446875 0.3890625 0.04375 0.0140625
2 0.48984375 0.38828125 0.0421875 0.015625
2 0.53359375 0.38671875 0.046875 0.015625
2 0.5765625 0.384375 0.03125 0.015625
2 0.6171875 0.38125 0.040625 0.015625
2 0.659375 0.37890625 0.0375 0.01875