0 0.52734375 0.4046875 0.571875 0.015625
4 0.73203125 0.3796875 0.00625 0.05
4 0.65859375 0.384375 0.009375 0.040625
4 0.60078125 0.38046875 0.009375 0.046875
4 0.54921875 0.38203125 0.00625 0.0421875
4 0.50078125 0.38671875 0.0078125 0.034375
4 0.44296875 0.3828125 0.009375 0.0453125
4 0.28125 0.38671875 0.009375 0.034375
4 0.32265625 0.39375 0.009375 0.021875
4 0.35625 0.3875 0.009375 0.034375
4 0.3984375 0.38671875 0.0125 0.0328125
3 0.73203125 0.4171875 0.00625 0.025
3 0.65859375 0.41953125 0.009375 0.0296875
3 0.6057812499999999 0.40406250000000005 0.59671875 0.40406250000000005 0.5962500000000001 0.4446875 0.6056250000000001 0.44515625 0.6057812499999999 0.40406250000000005
3 0.54921875 0.4171875 0.00625 0.028125
3 0.50078125 0.41796875 0.0078125 0.028125
3 0.44296875 0.415625 0.009375 0.0203125
3 0.3984375 0.41171875 0.0125 0.01875
3 0.35625 0.4171875 0.009375 0.025
3 0.32265625 0.41640625 0.009375 0.0234375
3 0.28125 0.41328125 0.009375 0.01875
1 0.46640625 0.3109375 0.078125 0.0515625
2 0.3 0.40703125 0.0421875 0.01875
2 0.33984375 0.409375 0.028125 0.01875
2 0.3734375 0.403125 0.04375 0.0265625
2 0.4203125 0.40625 0.0453125 0.021875
2 0.46953125 0.4046875 0.0609375 0.025
2 0.52421875 0.4046875 0.046875 0.01875
2 0.57265625 0.40546875 0.046875 0.0234375
2 0.6265625 0.40390625 0.0609375 0.0296875
2 0.6953125 0.4078125 0.0734375 0.021875