0 0.53125 0.209375 0.5326421875 0.757153125 0.556103125 0.756096875 0.5500984375 0.198590625 0.53125 0.209375
3 0.52578125 0.25390625 0.0234375 0.0203125
3 0.52890625 0.315625 0.0265625 0.015625
3 0.5296875 0.3765625 0.021875 0.021875
3 0.53125 0.45390625 0.028125 0.0171875
3 0.525 0.503125 0.034375 0.025
3 0.53125 0.57890625 0.03125 0.0203125
4 0.56640625 0.2578125 0.0578125 0.028125
4 0.5703125 0.31953125 0.05625 0.0203125
4 0.5703125 0.38125 0.05 0.025
4 0.5765625 0.45625 0.053125 0.01875
4 0.56640625 0.5109375 0.04375 0.025
4 0.5703125 0.5796875 0.040625 0.015625
4 0.5640625 0.64140625 0.04375 0.0171875
3 0.5265625 0.64140625 0.0359375 0.0125
1 0.484375 0.28671875 0.0375 0.0875
2 0.54140625 0.28359375 0.021875 0.0625
2 0.54140625 0.34609375 0.021875 0.0625
2 0.54140625 0.41484375 0.01875 0.075
2 0.540625 0.478125 0.01875 0.053125
2 0.54140625 0.5421875 0.021875 0.071875
2 0.54375 0.6078125 0.0234375 0.0609375