0 0.756625 0.513878125 0.263340625 0.5007015625 0.4905828125 0.5146531249999999 0.756625 0.513878125
4 0.6765625 0.528125 0.00625 0.0296875
3 0.678125 0.50390625 0.00625 0.01875
4 0.57421875 0.54453125 0.003125 0.059375
3 0.57421875 0.5046875 0.0015625 0.01875
4 0.46796875 0.5375 0.00625 0.0484375
3 0.46875 0.50234375 0.00625 0.021875
4 0.3875 0.5234375 0.003125 0.0296875
3 0.3875 0.5015625 0.003125 0.0125
4 0.31875 0.51796875 0.003125 0.0296875
3 0.31875 0.49765625 0.0046875 0.0125
1 0.4453125 0.64375 0.075 0.03125
2 0.6265625 0.52890625 0.103125 0.01875
2 0.521875 0.528125 0.10625 0.015625
2 0.428125 0.5265625 0.08125 0.0125
2 0.35390625 0.5171875 0.06875 0.009375