0 0.4484375 0.43125 0.546875 0.0125
3 0.25390625 0.4453125 0.0125 0.03125
3 0.32109375 0.45 0.0125 0.0375
3 0.3734375 0.43984375 0.00625 0.01875
3 0.43125 0.44609375 0.0125 0.028125
3 0.484375 0.44140625 0.009375 0.021875
3 0.53203125 0.44375 0.009375 0.0265625
3 0.57890625 0.440625 0.009375 0.0171875
3 0.63828125 0.440625 0.00625 0.01875
4 0.25390625 0.415625 0.0125 0.028125
4 0.32109375 0.41328125 0.0140625 0.034375
4 0.3734375 0.4171875 0.009375 0.0265625
4 0.43203125 0.4125 0.0125 0.0375
4 0.484375 0.415625 0.009375 0.028125
4 0.53203125 0.41796875 0.009375 0.025
4 0.578125 0.4171875 0.009375 0.028125
4 0.63828125 0.41484375 0.00625 0.034375
1 0.37109375 0.37421875 0.0625 0.040625
2 0.290625 0.43125 0.065625 0.0453125
2 0.34375 0.43125 0.05625 0.034375
2 0.40234375 0.42890625 0.053125 0.025
2 0.4578125 0.428125 0.059375 0.028125
2 0.5078125 0.4296875 0.05 0.025
2 0.55625 0.42578125 0.046875 0.028125
2 0.609375 0.4296875 0.053125 0.025