0 0.5234062500000001 0.3341890625 0.5149265625 0.250678125 0.5287522859375 0.519241784375 0.5288328124999999 0.505940625 0.5261203125 0.401396875 0.5234062500000001 0.3341890625
0 0.5287522859375 0.519241784375 0.5281546875 0.6179515624999999 0.545115625 0.8370984375000001 0.5287522859375 0.519241784375
4 0.54375 0.33359375 0.0359375 0.003125
3 0.5203125 0.33359375 0.0109375 0.003125
4 0.54375 0.39609375 0.034375 0.003125
3 0.52265625 0.39609375 0.00625 0.003125
4 0.5453125 0.45 0.034375 0.003125
3 0.525 0.45 0.003125 0.003125
4 0.553125 0.50234375 0.05 0.003125
3 0.52265625 0.503125 0.0109375 0.003125
3 0.52265625 0.5546875 0.0140625 0.00625
4 0.5690937500000001 0.608928125 0.5318984375 0.6151796875 0.5315937500000001 0.6185343750000001 0.5703125 0.6122828124999999 0.5690937500000001 0.608928125
3 0.52421875 0.61796875 0.015625 0.003125
4 0.55546875 0.67265625 0.040625 0.003125
3 0.52890625 0.67265625 0.0125 0.003125
4 0.5515625 0.721875 0.025 0.003125
3 0.5328125 0.721875 0.0125 0.003125
4 0.583421875 0.7749375 0.5421109375000001 0.7790015625 0.5416546875 0.781953125 0.583575 0.7782921875000001 0.583421875 0.7749375
3 0.53515625 0.78046875 0.0125 0.0046875
4 0.5484375 0.5546875 0.0375 0.003125
1 0.6125 0.66015625 0.034375 0.084375
2 0.53671875 0.3640625 0.0125 0.0625
2 0.53671875 0.42265625 0.0125 0.053125
2 0.5375 0.47578125 0.0125 0.053125
2 0.53828125 0.528125 0.0109375 0.053125
2 0.5546875 0.58203125 0.0078125 0.0578125
2 0.540625 0.6453125 0.009375 0.053125
2 0.546875 0.69765625 0.00625 0.05
2 0.54921875 0.75 0.009375 0.0578125