0 0.46640625 0.55859375 0.475 0.0125
4 0.68359375 0.56640625 0.0125 0.01875
3 0.678125 0.54375 0.015625 0.028125
4 0.62890625 0.57109375 0.00625 0.021875
3 0.62890625 0.553125 0.009375 0.0125
4 0.58203125 0.56328125 0.00625 0.015625
3 0.58125 0.5453125 0.009375 0.015625
4 0.51171875 0.571875 0.009375 0.028125
3 0.51015625 0.55 0.009375 0.0171875
4 0.4359375 0.56171875 0.0125 0.015625
3 0.434375 0.54140625 0.015625 0.025
1 0.44609375 0.65625 0.0734375 0.03125
2 0.47265625 0.53984375 0.075 0.015625
2 0.54296875 0.540625 0.065625 0.0109375
2 0.6046875 0.5484375 0.05 0.0078125
2 0.6546875 0.5484375 0.046875 0.0109375