0 0.29948437499999997 0.40514687499999996 0.757709375 0.39338281249999996 0.2014703125 0.39430156250000004 0.29948437499999997 0.40514687499999996
4 0.25 0.38046875 0.00625 0.028125
3 0.25 0.40703125 0.00625 0.021875
4 0.29609375 0.38828125 0.0078125 0.01875
3 0.29765625 0.4125 0.0078125 0.028125
4 0.35546875 0.3859375 0.00625 0.0203125
3 0.35625 0.4015625 0.00625 0.0125
4 0.4296875 0.38828125 0.009375 0.01875
3 0.42890625 0.41015625 0.009375 0.0234375
4 0.478125 0.39453125 0.0078125 0.009375
3 0.469940625 0.41964218750000004 0.47540625 0.41956875 0.48136093750000003 0.401115625 0.475703125 0.40022343749999995 0.469940625 0.41964218750000004
4 0.525 0.3921875 0.00625 0.0125
3 0.52421875 0.41015625 0.00625 0.025
4 0.5671875 0.3921875 0.003125 0.0109375
3 0.5671875 0.41171875 0.003125 0.028125
4 0.615625 0.390625 0.00625 0.0109375
3 0.6140625 0.41015625 0.009375 0.025
4 0.66015625 0.384375 0.0046875 0.0203125
3 0.6609375 0.4046875 0.003125 0.0171875
4 0.70546875 0.3859375 0.0046875 0.0125
3 0.70546875 0.39609375 0.00625 0.00625
1 0.5515625 0.31640625 0.08125 0.03125
2 0.2734375 0.4078125 0.0453125 0.009375
2 0.325 0.39765625 0.0609375 0.0125
2 0.3921875 0.4 0.071875 0.0078125
2 0.4515625 0.4078125 0.046875 0.0046875
2 0.50234375 0.39140625 0.04375 0.00625
2 0.54609375 0.3921875 0.04375 0.00625
2 0.59140625 0.39765625 0.05 0.00625
2 0.63828125 0.3890625 0.04375 0.0046875
2 0.6828125 0.38671875 0.046875 0.00625