0 0.7796875 0.5890625 0.19375 0.5625 0.19375 0.6015625 0.778125 0.6046875 0.7796875 0.5890625
4 0.73203125 0.6171875 0.0109375 0.04375
4 0.68984375 0.6078125 0.009375 0.034375
4 0.6546875 0.61015625 0.009375 0.040625
4 0.60859375 0.609375 0.009375 0.040625
4 0.56945 0.6365765624999999 0.5672234375 0.5881093749999999 0.5602031249999999 0.5877671875 0.561571875 0.6364046875 0.56945 0.6365765624999999
4 0.5046875 0.60546875 0.009375 0.04375
4 0.4546875 0.6109375 0.009375 0.059375
4 0.40452656249999996 0.6381171875 0.406753125 0.5839984375 0.3975046875 0.5845125 0.39373749999999996 0.6381171875 0.40452656249999996 0.6381171875
4 0.3421875 0.6015625 0.009375 0.040625
4 0.26796875 0.6140625 0.0125 0.053125
3 0.73203125 0.5796875 0.009375 0.03125
3 0.68984375 0.5765625 0.009375 0.028125
3 0.6546875 0.5796875 0.009375 0.01875
3 0.609375 0.5828125 0.009375 0.0109375
3 0.5640625 0.57890625 0.00625 0.01875
3 0.5046875 0.571875 0.009375 0.021875
3 0.4546875 0.57109375 0.009375 0.0203125
3 0.39765625 0.584375 0.40671875 0.5840625 0.4078125 0.55015625 0.39875 0.55015625 0.39765625 0.584375
3 0.3421875 0.56328125 0.009375 0.0359375
3 0.26796875 0.57421875 0.0125 0.028125
1 0.53828125 0.67890625 0.075 0.034375
2 0.71328125 0.59296875 0.0453125 0.028125
2 0.67421875 0.5890625 0.034375 0.025
2 0.634375 0.59375 0.0484375 0.028125
2 0.5875 0.59296875 0.04375 0.028125
2 0.53515625 0.5875 0.0609375 0.021875
2 0.48203125 0.584375 0.053125 0.025
2 0.4328125 0.58359375 0.053125 0.025
2 0.375 0.58125 0.0609375 0.028125
2 0.30859375 0.5828125 0.071875 0.0359375