0 0.4875 0.47734375 0.546875 0.003125
4 0.34296875 0.4703125 0.00625 0.015625
3 0.34296875 0.50234375 0.009375 0.046875
4 0.4012546875 0.46339218750000005 0.394084375 0.47879531249999996 0.4039328125 0.47901718750000005 0.40750624999999996 0.468303125 0.4012546875 0.46339218750000005
3 0.394109375 0.47901718750000005 0.3829234375 0.515625 0.39455625 0.519196875 0.4043796875 0.48125 0.394109375 0.47901718750000005
4 0.46484375 0.4609375 0.009375 0.0296875
3 0.465625 0.50234375 0.009375 0.05
4 0.531203125 0.449553125 0.532478125 0.47600468749999997 0.541028125 0.4767859375 0.54058125 0.45089218750000004 0.531203125 0.449553125
3 0.5390625 0.4953125 0.00625 0.0375
1 0.55234375 0.3734375 0.0828125 0.0375
2 0.371875 0.46796875 0.0609375 0.009375
2 0.43359375 0.46640625 0.065625 0.0125
2 0.50078125 0.45390625 0.06875 0.00625