0 0.5009390625 0.26556562499999997 0.48138125 0.2762546875 0.502940625 0.7825453125 0.5306609375 0.7751546874999999 0.5009390625 0.26556562499999997
1 0.5640625 0.590625 0.03671875 0.07265625
4 0.50078125 0.3171875 0.0171875 0.0125
4 0.50703125 0.3671875 0.01484375 0.0140625
4 0.5125 0.41328125 0.0203125 0.01171875
4 0.5140625 0.44765625 0.02265625 0.015625
4 0.515625 0.50625 0.02421875 0.015625
4 0.5171875 0.56796875 0.021875 0.00859375
4 0.51875 0.628125 0.0203125 0.0125
3 0.459375 0.31328125 0.065625 0.02578125
3 0.475 0.3671875 0.05078125 0.0203125
3 0.48203125 0.41328125 0.04140625 0.0125
3 0.4765625 0.4453125 0.05390625 0.02265625
3 0.48203125 0.49921875 0.04296875 0.02265625
3 0.48828125 0.56796875 0.03828125 0.01484375
3 0.49140625 0.63125 0.0421875 0.01640625
2 0.4987609375 0.3163421875 0.48245468750000003 0.314715625 0.49549374999999996 0.3647703125 0.5029890625 0.36496249999999997 0.4987609375 0.3163421875
2 0.5015625 0.38984375 0.0125 0.04453125
2 0.50234375 0.43125 0.01171875 0.03046875
2 0.50390625 0.47421875 0.0140625 0.05390625
2 0.50546875 0.5359375 0.0125 0.0625
2 0.50703125 0.59921875 0.01484375 0.05703125