0 0.55390625 0.4796875 0.0109375 0.4875
3 0.5296875 0.48203125 0.05 0.0140625
3 0.53125 0.53359375 0.046875 0.01875
3 0.53984375 0.28515625 0.028125 0.0140625
3 0.540625 0.3203125 0.028125 0.0140625
3 0.5453125 0.3765625 0.01875 0.009375
3 0.53671875 0.43125 0.0375 0.0171875
4 0.56328125 0.28515625 0.01875 0.0140625
4 0.5609375 0.3203125 0.0125 0.0140625
4 0.56953125 0.3765625 0.028125 0.009375
4 0.56875 0.43125 0.028125 0.0171875
4 0.56640625 0.48203125 0.025 0.0140625
4 0.5703125 0.53359375 0.03125 0.01875
1 0.60546875 0.346875 0.040625 0.0671875
2 0.55078125 0.296875 0.025 0.0375
2 0.55703125 0.3453125 0.0375 0.059375
2 0.55390625 0.4 0.040625 0.053125
2 0.55078125 0.45234375 0.0375 0.0578125
2 0.54296875 0.503125 0.03125 0.04375