0 0.7109375 0.5859375 0.2608453125 0.6087640624999999 0.26273124999999997 0.6263 0.715984375 0.5992609375 0.7109375 0.5859375
3 0.6703125 0.571875 0.0125 0.04375
3 0.6171875 0.5609375 0.01875 0.071875
3 0.5421875 0.58203125 0.009375 0.034375
3 0.48828125 0.5734375 0.0171875 0.046875
3 0.43671875 0.58203125 0.0125 0.0375
3 0.38125 0.58359375 0.009375 0.046875
3 0.33359375 0.58828125 0.015625 0.046875
4 0.6734375 0.60859375 0.0125 0.03125
4 0.61171875 0.603125 0.0140625 0.01875
4 0.546875 0.60390625 0.009375 0.0125
4 0.48828125 0.60625 0.0140625 0.015625
4 0.4359375 0.603125 0.0125 0.00625
4 0.33203125 0.6203125 0.0140625 0.015625
4 0.38203125 0.61171875 0.00625 0.01875
1 0.503125 0.69921875 0.084375 0.0515625
2 0.64296875 0.6 0.065625 0.03125
2 0.58125 0.59765625 0.06875 0.028125
2 0.51875 0.59921875 0.059375 0.025
2 0.46484375 0.60078125 0.05 0.028125
2 0.40859375 0.60625 0.0578125 0.0265625
2 0.35703125 0.609375 0.0515625 0.025