0 0.26556562499999997 0.4990609375 0.2762546875 0.51861875 0.7825453125 0.49705937499999997 0.7751546874999999 0.4693390625 0.26556562499999997 0.4990609375
1 0.590625 0.4359375 0.071875 0.0375
4 0.3171875 0.49921875 0.0125 0.0171875
4 0.3671875 0.49296875 0.0140625 0.015625
4 0.41328125 0.4875 0.0125 0.0203125
4 0.44765625 0.4859375 0.015625 0.021875
4 0.50625 0.484375 0.015625 0.025
4 0.56796875 0.4828125 0.009375 0.021875
4 0.628125 0.48125 0.0125 0.0203125
3 0.31328125 0.540625 0.025 0.065625
3 0.3671875 0.525 0.0203125 0.05
3 0.41328125 0.51796875 0.0125 0.040625
3 0.4453125 0.5234375 0.021875 0.053125
3 0.49921875 0.51796875 0.021875 0.04375
3 0.56796875 0.51171875 0.015625 0.0375
3 0.63125 0.50859375 0.015625 0.0421875
2 0.3163421875 0.5012390625 0.314715625 0.5175453125 0.3647703125 0.50450625 0.36496249999999997 0.49701093749999997 0.3163421875 0.5012390625
2 0.38984375 0.4984375 0.04375 0.0125
2 0.43125 0.49765625 0.03125 0.0125
2 0.47421875 0.49609375 0.053125 0.0140625
2 0.5359375 0.49453125 0.0625 0.0125
2 0.59921875 0.49296875 0.05625 0.015625