0 0.48828125 0.40390625 0.603125 0.021875
4 0.70390625 0.3890625 0.009375 0.0375
4 0.63984375 0.3890625 0.0109375 0.034375
4 0.5875 0.38828125 0.009375 0.028125
4 0.53515625 0.3859375 0.0140625 0.03125
4 0.4771875 0.36109375 0.46968750000000004 0.40296875 0.48375 0.40296875 0.490625 0.36078125 0.4771875 0.36109375
4 0.41015625 0.3740625 0.409375 0.4025 0.42046875000000006 0.40234375 0.42125 0.37390625 0.41015625 0.3740625
4 0.35390625 0.38046875 0.0125 0.04375
4 0.28125 0.38046875 0.0125 0.04375
3 0.28125 0.41875 0.0125 0.03125
3 0.36062500000000003 0.40171875 0.34796875 0.40171875 0.34921875 0.44343750000000004 0.36140625000000004 0.44328124999999996 0.36062500000000003 0.40171875
3 0.41484375 0.41328125 0.0109375 0.021875
3 0.4765625 0.41796875 0.0140625 0.0296875
3 0.53515625 0.41875 0.0140625 0.034375
3 0.5875 0.41796875 0.009375 0.03125
3 0.63984375 0.41796875 0.0109375 0.025
3 0.70390625 0.41328125 0.009375 0.0125
1 0.40859375 0.33515625 0.0734375 0.05
2 0.3140625 0.3984375 0.06875 0.040625
2 0.3875 0.39765625 0.046875 0.028125
2 0.44296875 0.3984375 0.0625 0.04375
2 0.5078125 0.40390625 0.0546875 0.04375
2 0.56171875 0.4046875 0.059375 0.040625
2 0.61640625 0.4046875 0.05625 0.0375
2 0.675 0.39921875 0.071875 0.04375