0 0.5953125 0.52734375 0.015625 0.571875
4 0.6203125 0.73203125 0.05 0.00625
4 0.615625 0.65859375 0.040625 0.009375
4 0.61953125 0.60078125 0.046875 0.009375
4 0.61796875 0.54921875 0.0421875 0.00625
4 0.61328125 0.50078125 0.034375 0.0078125
4 0.6171875 0.44296875 0.0453125 0.009375
4 0.61328125 0.28125 0.034375 0.009375
4 0.60625 0.32265625 0.021875 0.009375
4 0.6125 0.35625 0.034375 0.009375
4 0.61328125 0.3984375 0.0328125 0.0125
3 0.5828125 0.73203125 0.025 0.00625
3 0.58046875 0.65859375 0.0296875 0.009375
3 0.5959375 0.6057812499999999 0.5959375 0.59671875 0.5553125 0.5962500000000001 0.5548437500000001 0.6056250000000001 0.5959375 0.6057812499999999
3 0.5828125 0.54921875 0.028125 0.00625
3 0.58203125 0.50078125 0.028125 0.0078125
3 0.584375 0.44296875 0.0203125 0.009375
3 0.58828125 0.3984375 0.01875 0.0125
3 0.5828125 0.35625 0.025 0.009375
3 0.58359375 0.32265625 0.0234375 0.009375
3 0.58671875 0.28125 0.01875 0.009375
1 0.6890625 0.46640625 0.0515625 0.078125
2 0.59296875 0.3 0.01875 0.0421875
2 0.590625 0.33984375 0.01875 0.028125
2 0.596875 0.3734375 0.0265625 0.04375
2 0.59375 0.4203125 0.021875 0.0453125
2 0.5953125 0.46953125 0.025 0.0609375
2 0.5953125 0.52421875 0.01875 0.046875
2 0.59453125 0.57265625 0.0234375 0.046875
2 0.59609375 0.6265625 0.0296875 0.0609375
2 0.5921875 0.6953125 0.021875 0.0734375