0 0.790625 0.53125 0.242846875 0.5326421875 0.24390312500000003 0.556103125 0.8014093750000001 0.5500984375 0.790625 0.53125
3 0.74609375 0.52578125 0.0203125 0.0234375
3 0.684375 0.52890625 0.015625 0.0265625
3 0.6234375 0.5296875 0.021875 0.021875
3 0.54609375 0.53125 0.0171875 0.028125
3 0.496875 0.525 0.025 0.034375
3 0.42109375 0.53125 0.0203125 0.03125
4 0.7421875 0.56640625 0.028125 0.0578125
4 0.68046875 0.5703125 0.0203125 0.05625
4 0.61875 0.5703125 0.025 0.05
4 0.54375 0.5765625 0.01875 0.053125
4 0.4890625 0.56640625 0.025 0.04375
4 0.4203125 0.5703125 0.015625 0.040625
4 0.35859375 0.5640625 0.0171875 0.04375
3 0.35859375 0.5265625 0.0125 0.0359375
1 0.71328125 0.484375 0.0875 0.0375
2 0.71640625 0.54140625 0.0625 0.021875
2 0.65390625 0.54140625 0.0625 0.021875
2 0.58515625 0.54140625 0.075 0.01875
2 0.521875 0.540625 0.053125 0.01875
2 0.4578125 0.54140625 0.071875 0.021875
2 0.3921875 0.54375 0.0609375 0.0234375