0 0.2890625 0.4140625 0.7391546875 0.39123593749999996 0.7372687499999999 0.37370000000000003 0.284015625 0.4007390625 0.2890625 0.4140625
3 0.3296875 0.428125 0.0125 0.04375
3 0.3828125 0.4390625 0.01875 0.071875
3 0.4578125 0.41796875 0.009375 0.034375
3 0.51171875 0.4265625 0.0171875 0.046875
3 0.56328125 0.41796875 0.0125 0.0375
3 0.61875 0.41640625 0.009375 0.046875
3 0.66640625 0.41171875 0.015625 0.046875
4 0.3265625 0.39140625 0.0125 0.03125
4 0.38828125 0.396875 0.0140625 0.01875
4 0.453125 0.39609375 0.009375 0.0125
4 0.51171875 0.39375 0.0140625 0.015625
4 0.5640625 0.396875 0.0125 0.00625
4 0.66796875 0.3796875 0.0140625 0.015625
4 0.61796875 0.38828125 0.00625 0.01875
1 0.496875 0.30078125 0.084375 0.0515625
2 0.35703125 0.4 0.065625 0.03125
2 0.41875 0.40234375 0.06875 0.028125
2 0.48125 0.40078125 0.059375 0.025
2 0.53515625 0.39921875 0.05 0.028125
2 0.59140625 0.39375 0.0578125 0.0265625
2 0.64296875 0.390625 0.0515625 0.025