1 0.696875 0.61484375 0.0421875 0.078125
0 0.57890625 0.44375 0.01953125 0.4734375
3 0.57578125 0.63984375 0.01796875 0.0125
3 0.5734375 0.590625 0.0171875 0.009375
3 0.565625 0.54453125 0.025 0.01640625
3 0.56171875 0.503125 0.04375 0.009375
3 0.55859375 0.45546875 0.03671875 0.009375
3 0.56171875 0.409375 0.03125 0.01171875
3 0.5625 0.3640625 0.02734375 0.0125
3 0.5578125 0.3078125 0.0375 0.01015625
4 0.59765625 0.2984375 0.04453125 0.01875
4 0.5921875 0.3640625 0.03515625 0.00625
4 0.59375 0.40859375 0.03671875 0.01015625
4 0.590625 0.45234375 0.03515625 0.015625
4 0.59375 0.50234375 0.028125 0.00859375
4 0.58125 0.553125 0.01328125 0.009375
4 0.58203125 0.59140625 0.0078125 0.01171875
4 0.590625 0.6421875 0.01796875 0.00859375
2 0.5796875 0.6140625 0.01875 0.0453125
2 0.5796875 0.57265625 0.0140625 0.0421875
2 0.578125 0.52734375 0.01640625 0.05078125
2 0.58046875 0.4765625 0.015625 0.05390625
2 0.57890625 0.4296875 0.01328125 0.0453125
2 0.5796875 0.38203125 0.01171875 0.0453125
2 0.5828125 0.33203125 0.0109375 0.05859375