0 0.5921875 0.48203125 0.0421875 0.4234375
4 0.64368125 0.6645078125 0.6439234375 0.6473140625 0.5918578125 0.637628125 0.5918578125 0.6543375 0.64368125 0.6645078125
4 0.6402921874999999 0.57975 0.64005 0.5637671875 0.588709375 0.5584390625 0.5889515624999999 0.575390625 0.6402921874999999 0.57975
4 0.6393234375 0.48409375 0.639565625 0.47246875 0.588709375 0.4715 0.588709375 0.48312499999999997 0.6393234375 0.48409375
4 0.5904046875 0.4007875 0.645134375 0.4015140625 0.645134375 0.387953125 0.590646875 0.387953125 0.5904046875 0.4007875
4 0.640534375 0.3249890625 0.6402921874999999 0.31094374999999996 0.5899203125 0.312396875 0.5899203125 0.3242625 0.640534375 0.3249890625
3 0.5703125 0.31796875 0.03984375 0.01171875
3 0.56328125 0.39453125 0.05390625 0.0125
3 0.56484375 0.47734375 0.04765625 0.01171875
3 0.54640625 0.57078125 0.58890625 0.57515625 0.58859375 0.55859375 0.54609375 0.55515625 0.54640625 0.57078125
3 0.5459375 0.62984375 0.5459375 0.6475 0.591875 0.654375 0.59203125 0.63765625 0.5459375 0.62984375
1 0.715625 0.41875 0.05234375 0.07578125
2 0.58984375 0.35 0.0375 0.07421875
2 0.5890625 0.43203125 0.05078125 0.08515625
2 0.59375 0.5171875 0.05546875 0.09140625
2 0.59140625 0.60234375 0.05078125 0.0890625