0 0.4625 0.50625 0.521875 0.0296875
3 0.6953125 0.48828125 0.009375 0.021875
3 0.634375 0.4953125 0.009375 0.0171875
3 0.5796875 0.49296875 0.009375 0.01875
3 0.52734375 0.49375 0.009375 0.0171875
3 0.47734375 0.49453125 0.009375 0.0125
3 0.41640625 0.49609375 0.0078125 0.015625
3 0.36015625 0.49921875 0.009375 0.0125
3 0.3140625 0.5015625 0.0125 0.015625
3 0.259375 0.50390625 0.015625 0.01875
4 0.2578125 0.5359375 0.009375 0.04375
4 0.31328125 0.52421875 0.009375 0.03125
4 0.36171875 0.528125 0.009375 0.04375
4 0.41953125 0.5234375 0.009375 0.046875
4 0.4765625 0.5203125 0.009375 0.04375
4 0.52890625 0.5265625 0.0109375 0.0515625
4 0.5796875 0.51953125 0.0125 0.040625
4 0.63203125 0.5203125 0.0125 0.0375
4 0.69609375 0.51875 0.0125 0.040625
1 0.29296875 0.5875 0.0828125 0.040625
2 0.2859375 0.5125 0.05625 0.015625
2 0.33828125 0.5125 0.046875 0.0109375
2 0.38984375 0.50859375 0.053125 0.0125
2 0.4484375 0.50703125 0.0578125 0.0125
2 0.503125 0.50625 0.05 0.0125
2 0.55546875 0.50625 0.0515625 0.009375
2 0.60703125 0.5078125 0.053125 0.009375
2 0.66484375 0.50703125 0.0625 0.009375