0 0.48203125 0.4078125 0.4234375 0.0421875
4 0.6645078125 0.35631875 0.6473140625 0.3560765625 0.637628125 0.40814218750000003 0.6543375 0.40814218750000003 0.6645078125 0.35631875
4 0.57975 0.3597078125 0.5637671875 0.35995 0.5584390625 0.411290625 0.575390625 0.41104843750000003 0.57975 0.3597078125
4 0.48409375 0.3606765625 0.47246875 0.360434375 0.4715 0.411290625 0.48312499999999997 0.411290625 0.48409375 0.3606765625
4 0.4007875 0.40959531250000003 0.4015140625 0.354865625 0.387953125 0.354865625 0.387953125 0.409353125 0.4007875 0.40959531250000003
4 0.3249890625 0.359465625 0.31094374999999996 0.3597078125 0.312396875 0.4100796875 0.3242625 0.4100796875 0.3249890625 0.359465625
3 0.31796875 0.4296875 0.0125 0.040625
3 0.39453125 0.43671875 0.0125 0.053125
3 0.47734375 0.43515625 0.0125 0.046875
3 0.57078125 0.45359375 0.57515625 0.41109375000000004 0.55859375 0.41140625000000003 0.55515625 0.45390625 0.57078125 0.45359375
3 0.62984375 0.45406250000000004 0.6475 0.45406250000000004 0.654375 0.40812499999999996 0.63765625 0.40796875000000005 0.62984375 0.45406250000000004
1 0.41875 0.284375 0.075 0.053125
2 0.35 0.41015625 0.075 0.0375
2 0.43203125 0.4109375 0.084375 0.05
2 0.5171875 0.40625 0.090625 0.05625
2 0.60234375 0.40859375 0.0890625 0.05