0 0.505940625 0.47116718750000003 0.401396875 0.47387968750000004 0.3341890625 0.47659375 0.250678125 0.4850734375 0.519241784375 0.47124771406250004 0.505940625 0.47116718750000003
0 0.6179515624999999 0.4718453125 0.8370984375000001 0.45488437499999995 0.519241784375 0.47124771406250004 0.6179515624999999 0.4718453125
4 0.33359375 0.45625 0.003125 0.0359375
3 0.33359375 0.4796875 0.003125 0.0109375
4 0.39609375 0.45625 0.003125 0.034375
3 0.39609375 0.47734375 0.003125 0.00625
4 0.45 0.4546875 0.003125 0.034375
3 0.45 0.475 0.003125 0.003125
4 0.50234375 0.446875 0.003125 0.05
3 0.503125 0.47734375 0.003125 0.0109375
3 0.5546875 0.47734375 0.00625 0.0140625
4 0.6185343750000001 0.46840624999999997 0.6122828124999999 0.4296875 0.608928125 0.43090624999999994 0.6151796875 0.46810156249999996 0.6185343750000001 0.46840624999999997
3 0.61796875 0.47578125 0.003125 0.015625
4 0.67265625 0.44453125 0.003125 0.040625
3 0.67265625 0.47109375 0.003125 0.0125
4 0.721875 0.4484375 0.003125 0.025
3 0.721875 0.4671875 0.003125 0.0125
4 0.781953125 0.4583453125 0.7782921875000001 0.416425 0.7749375 0.416578125 0.7790015625 0.45788906249999994 0.781953125 0.4583453125
3 0.78046875 0.46484375 0.0046875 0.0125
4 0.5546875 0.4515625 0.003125 0.0375
1 0.66015625 0.3875 0.084375 0.034375
2 0.3640625 0.46328125 0.0625 0.0125
2 0.42265625 0.46328125 0.053125 0.0125
2 0.47578125 0.4625 0.053125 0.0125
2 0.528125 0.46171875 0.053125 0.0109375
2 0.58203125 0.4453125 0.0578125 0.0078125
2 0.6453125 0.459375 0.053125 0.009375
2 0.69765625 0.453125 0.05 0.00625
2 0.75 0.45078125 0.0578125 0.009375