0 0.55859375 0.53359375 0.0125 0.475
4 0.56640625 0.31640625 0.01875 0.0125
3 0.54375 0.321875 0.028125 0.015625
4 0.57109375 0.37109375 0.021875 0.00625
3 0.553125 0.37109375 0.0125 0.009375
4 0.56328125 0.41796875 0.015625 0.00625
3 0.5453125 0.41875 0.015625 0.009375
4 0.571875 0.48828125 0.028125 0.009375
3 0.55 0.48984375 0.0171875 0.009375
4 0.56171875 0.5640625 0.015625 0.0125
3 0.54140625 0.565625 0.025 0.015625
1 0.65625 0.55390625 0.03125 0.0734375
2 0.53984375 0.52734375 0.015625 0.075
2 0.540625 0.45703125 0.0109375 0.065625
2 0.5484375 0.3953125 0.0078125 0.05
2 0.5484375 0.3453125 0.0109375 0.046875