1 0.6890625 0.63828125 0.04453125 0.075
0 0.6160078125 0.7210015624999999 0.6339671874999999 0.720403125 0.6028390625 0.191296875 0.59008125 0.1934 0.6160078125 0.7210015624999999
3 0.61640625 0.67890625 0.0203125 0.009375
3 0.61328125 0.63828125 0.0234375 0.009375
3 0.6140625 0.5953125 0.0171875 0.009375
3 0.61015625 0.559375 0.0203125 0.0109375
3 0.60546875 0.51015625 0.0234375 0.01015625
3 0.6078125 0.4671875 0.0125 0.0109375
3 0.60703125 0.4234375 0.01171875 0.01171875
3 0.6015625 0.38203125 0.01640625 0.00859375
3 0.59921875 0.3375 0.01484375 0.009375
4 0.625 0.3328125 0.0375 0.00703125
4 0.63125 0.3828125 0.03984375 0.01015625
4 0.63359375 0.425 0.04375 0.0078125
4 0.63203125 0.46953125 0.04140625 0.00703125
4 0.63515625 0.5109375 0.03984375 0.0078125
4 0.63671875 0.559375 0.02734375 0.01015625
4 0.6375 0.59609375 0.0265625 0.009375
4 0.6390625 0.63984375 0.03125 0.00546875
4 0.63984375 0.6796875 0.028125 0.00703125
2 0.60703125 0.35859375 0.01171875 0.046875
2 0.60859375 0.403125 0.01484375 0.04375
2 0.6109375 0.446875 0.0140625 0.04296875
2 0.61171875 0.48984375 0.01640625 0.0421875
2 0.61328125 0.53359375 0.015625 0.04765625
2 0.615625 0.5765625 0.01640625 0.03125
2 0.61875 0.6171875 0.01640625 0.03984375
2 0.62109375 0.659375 0.01953125 0.0375