1 0.59921875 0.45859375 0.0390625 0.071875
0 0.5546875 0.44921875 0.021875 0.4453125
3 0.5375 0.23359375 0.0375 0.0125
3 0.53671875 0.27109375 0.034375 0.0109375
3 0.53828125 0.3078125 0.0296875 0.0125
3 0.53984375 0.34921875 0.025 0.00625
3 0.53828125 0.40234375 0.03125 0.009375
3 0.5359375 0.44765625 0.028125 0.0125
3 0.5328125 0.49453125 0.0359375 0.0109375
4 0.56015625 0.49453125 0.01875 0.0078125
4 0.56171875 0.4484375 0.025 0.0125
4 0.56015625 0.40234375 0.01875 0.0109375
4 0.56015625 0.35 0.01875 0.0140625
4 0.5578125 0.30859375 0.015625 0.009375
4 0.56015625 0.27421875 0.01875 0.015625
4 0.559375 0.23671875 0.01875 0.0125
2 0.55 0.471875 0.0109375 0.046875
2 0.55 0.42578125 0.009375 0.046875
2 0.54921875 0.37421875 0.009375 0.05
2 0.54921875 0.328125 0.009375 0.0375
2 0.55 0.290625 0.00625 0.03125
2 0.55 0.2546875 0.00625 0.0375