1 0.6890625 0.6109375 0.0390625 0.0734375
0 0.5875 0.51640625 0.015625 0.48046875
3 0.5640625 0.553125 0.03828125 0.01171875
3 0.56953125 0.47578125 0.03203125 0.0109375
3 0.56796875 0.40703125 0.03046875 0.009375
3 0.57421875 0.35625 0.025 0.0125
3 0.56953125 0.30625 0.03359375 0.02109375
4 0.59453125 0.303125 0.0140625 0.0125
4 0.5984375 0.35625 0.0234375 0.01328125
4 0.59296875 0.4078125 0.0234375 0.01015625
4 0.60078125 0.4765625 0.03359375 0.0109375
4 0.5921875 0.55390625 0.01640625 0.0109375
2 0.58515625 0.5140625 0.01484375 0.07421875
2 0.58515625 0.44140625 0.01875 0.07109375
2 0.584375 0.3796875 0.0140625 0.05
2 0.5875 0.328125 0.01484375 0.0515625