0 0.700515625 0.594853125 0.242290625 0.6066171875 0.7985296875000001 0.6056984375 0.700515625 0.594853125
4 0.75 0.61953125 0.00625 0.028125
3 0.75 0.59296875 0.00625 0.021875
4 0.70390625 0.61171875 0.0078125 0.01875
3 0.70234375 0.5875 0.0078125 0.028125
4 0.64453125 0.6140625 0.00625 0.0203125
3 0.64375 0.5984375 0.00625 0.0125
4 0.5703125 0.61171875 0.009375 0.01875
3 0.57109375 0.58984375 0.009375 0.0234375
4 0.521875 0.60546875 0.0078125 0.009375
3 0.530059375 0.5803578125 0.52459375 0.58043125 0.5186390624999999 0.598884375 0.524296875 0.5997765625 0.530059375 0.5803578125
4 0.475 0.6078125 0.00625 0.0125
3 0.47578125 0.58984375 0.00625 0.025
4 0.4328125 0.6078125 0.003125 0.0109375
3 0.4328125 0.58828125 0.003125 0.028125
4 0.384375 0.609375 0.00625 0.0109375
3 0.3859375 0.58984375 0.009375 0.025
4 0.33984375 0.615625 0.0046875 0.0203125
3 0.3390625 0.5953125 0.003125 0.0171875
4 0.29453125 0.6140625 0.0046875 0.0125
3 0.29453125 0.60390625 0.00625 0.00625
1 0.4484375 0.68359375 0.08125 0.03125
2 0.7265625 0.5921875 0.0453125 0.009375
2 0.675 0.60234375 0.0609375 0.0125
2 0.6078125 0.6 0.071875 0.0078125
2 0.5484375 0.5921875 0.046875 0.0046875
2 0.49765625 0.60859375 0.04375 0.00625
2 0.45390625 0.6078125 0.04375 0.00625
2 0.40859375 0.60234375 0.05 0.00625
2 0.36171875 0.6109375 0.04375 0.0046875
2 0.3171875 0.61328125 0.046875 0.00625