0 0.734434375 0.5009390625 0.7237453125 0.48138125 0.2174546875 0.502940625 0.2248453125 0.5306609375 0.734434375 0.5009390625
1 0.409375 0.5640625 0.071875 0.0375
4 0.6828125 0.50078125 0.0125 0.0171875
4 0.6328125 0.50703125 0.0140625 0.015625
4 0.58671875 0.5125 0.0125 0.0203125
4 0.55234375 0.5140625 0.015625 0.021875
4 0.49375 0.515625 0.015625 0.025
4 0.43203125 0.5171875 0.009375 0.021875
4 0.371875 0.51875 0.0125 0.0203125
3 0.68671875 0.459375 0.025 0.065625
3 0.6328125 0.475 0.0203125 0.05
3 0.58671875 0.48203125 0.0125 0.040625
3 0.5546875 0.4765625 0.021875 0.053125
3 0.50078125 0.48203125 0.021875 0.04375
3 0.43203125 0.48828125 0.015625 0.0375
3 0.36875 0.49140625 0.015625 0.0421875
2 0.6836578125 0.4987609375 0.685284375 0.48245468750000003 0.6352296875000001 0.49549374999999996 0.6350374999999999 0.5029890625 0.6836578125 0.4987609375
2 0.61015625 0.5015625 0.04375 0.0125
2 0.56875 0.50234375 0.03125 0.0125
2 0.52578125 0.50390625 0.053125 0.0140625
2 0.4640625 0.50546875 0.0625 0.0125
2 0.40078125 0.50703125 0.05625 0.015625