0 0.50625 0.5375 0.0296875 0.52109375
3 0.48828125 0.3046875 0.021875 0.01015625
3 0.4953125 0.365625 0.0171875 0.01015625
3 0.49296875 0.4203125 0.01875 0.009375
3 0.49375 0.47265625 0.0171875 0.009375
3 0.49453125 0.52265625 0.01328125 0.01015625
3 0.49609375 0.58359375 0.01640625 0.0078125
3 0.49921875 0.63984375 0.01328125 0.00859375
3 0.5015625 0.6859375 0.01640625 0.01171875
3 0.50390625 0.740625 0.01953125 0.015625
4 0.5359375 0.7421875 0.04453125 0.009375
4 0.52421875 0.68671875 0.03046875 0.009375
4 0.528125 0.63828125 0.04375 0.009375
4 0.5234375 0.58046875 0.04609375 0.01015625
4 0.5203125 0.5234375 0.04375 0.01015625
4 0.5265625 0.47109375 0.0515625 0.0109375
4 0.51953125 0.4203125 0.04140625 0.01171875
4 0.5203125 0.36796875 0.03671875 0.01328125
4 0.51875 0.30390625 0.03984375 0.01328125
1 0.5875 0.70703125 0.04140625 0.0828125
2 0.5125 0.7140625 0.01484375 0.05625
2 0.5125 0.66171875 0.0109375 0.04765625
2 0.50859375 0.61015625 0.0125 0.05390625
2 0.50703125 0.5515625 0.01328125 0.0578125
2 0.50625 0.496875 0.01171875 0.04921875
2 0.50625 0.44453125 0.01015625 0.0515625
2 0.5078125 0.39296875 0.01015625 0.05234375
2 0.50703125 0.33515625 0.01015625 0.06171875