0 0.5146531249999999 0.5094171875 0.513878125 0.24337499999999998 0.5007015625 0.736659375 0.5146531249999999 0.5094171875
4 0.528125 0.3234375 0.0296875 0.00546875
3 0.50390625 0.321875 0.01796875 0.00546875
4 0.54453125 0.42578125 0.059375 0.003125
3 0.5046875 0.42578125 0.01953125 0.0015625
4 0.5375 0.53203125 0.0484375 0.00703125
3 0.50234375 0.53125 0.021875 0.00625
4 0.5234375 0.6125 0.0296875 0.003125
3 0.5015625 0.6125 0.01328125 0.003125
4 0.51796875 0.68125 0.0296875 0.003125
3 0.49765625 0.68125 0.01171875 0.0046875
1 0.64375 0.5546875 0.03046875 0.075
2 0.52890625 0.3734375 0.01875 0.10234375
2 0.528125 0.478125 0.01640625 0.10625
2 0.5265625 0.571875 0.01328125 0.08046875
2 0.5171875 0.64609375 0.00859375 0.06953125