0 0.2203125 0.4109375 0.80625 0.4375 0.80625 0.3984375 0.221875 0.3953125 0.2203125 0.4109375
4 0.26796875 0.3828125 0.0109375 0.04375
4 0.31015625 0.3921875 0.009375 0.034375
4 0.3453125 0.38984375 0.009375 0.040625
4 0.39140625 0.390625 0.009375 0.040625
4 0.43055000000000004 0.3634234375 0.43277656249999996 0.411890625 0.43979687500000003 0.4122328125 0.438428125 0.3635953125 0.43055000000000004 0.3634234375
4 0.4953125 0.39453125 0.009375 0.04375
4 0.5453125 0.3890625 0.009375 0.059375
4 0.5954734375 0.3618828125 0.593246875 0.4160015625 0.6024953125 0.41548749999999995 0.6062624999999999 0.3618828125 0.5954734375 0.3618828125
4 0.6578125 0.3984375 0.009375 0.040625
4 0.73203125 0.3859375 0.0125 0.053125
3 0.26796875 0.4203125 0.009375 0.03125
3 0.31015625 0.4234375 0.009375 0.028125
3 0.3453125 0.4203125 0.009375 0.01875
3 0.390625 0.4171875 0.009375 0.0109375
3 0.4359375 0.42109375 0.00625 0.01875
3 0.4953125 0.428125 0.009375 0.021875
3 0.5453125 0.42890625 0.009375 0.0203125
3 0.60234375 0.415625 0.59328125 0.41593749999999996 0.5921875 0.44984375 0.6012500000000001 0.44984375 0.60234375 0.415625
3 0.6578125 0.43671875 0.009375 0.0359375
3 0.73203125 0.42578125 0.0125 0.028125
1 0.46171875 0.32109375 0.075 0.034375
2 0.28671875 0.40703125 0.0453125 0.028125
2 0.32578125 0.4109375 0.034375 0.025
2 0.365625 0.40625 0.0484375 0.028125
2 0.4125 0.40703125 0.04375 0.028125
2 0.46484375 0.4125 0.0609375 0.021875
2 0.51796875 0.415625 0.053125 0.025
2 0.5671875 0.41640625 0.053125 0.025
2 0.625 0.41875 0.0609375 0.028125
2 0.69140625 0.4171875 0.071875 0.0359375