1 0.3890625 0.6890625 0.0734375 0.0390625
0 0.48359375 0.5875 0.48125 0.015625
3 0.446875 0.5640625 0.0125 0.0375
3 0.52421875 0.56953125 0.0109375 0.03125
3 0.59296875 0.56796875 0.009375 0.03125
3 0.64375 0.57421875 0.0125 0.025
3 0.69375 0.56953125 0.021875 0.034375
4 0.696875 0.59453125 0.0125 0.0140625
4 0.64375 0.5984375 0.0125 0.0234375
4 0.5921875 0.59296875 0.009375 0.0234375
4 0.5234375 0.60078125 0.0109375 0.034375
4 0.44609375 0.5921875 0.0109375 0.015625
2 0.4859375 0.58515625 0.075 0.015625
2 0.55859375 0.58515625 0.071875 0.01875
2 0.6203125 0.584375 0.05 0.0140625
2 0.671875 0.5875 0.0515625 0.015625