1 0.6109375 0.3109375 0.0734375 0.0390625
0 0.51640625 0.4125 0.48125 0.015625
3 0.553125 0.4359375 0.0125 0.0375
3 0.47578125 0.43046875 0.0109375 0.03125
3 0.40703125 0.43203125 0.009375 0.03125
3 0.35625 0.42578125 0.0125 0.025
3 0.30625 0.43046875 0.021875 0.034375
4 0.303125 0.40546875 0.0125 0.0140625
4 0.35625 0.4015625 0.0125 0.0234375
4 0.4078125 0.40703125 0.009375 0.0234375
4 0.4765625 0.39921875 0.0109375 0.034375
4 0.55390625 0.4078125 0.0109375 0.015625
2 0.5140625 0.41484375 0.075 0.015625
2 0.44140625 0.41484375 0.071875 0.01875
2 0.3796875 0.415625 0.05 0.0140625
2 0.328125 0.4125 0.0515625 0.015625