0 0.3962875 0.4310328125 0.33660625 0.42864531250000004 0.276128125 0.4222796875 0.2228125 0.4310328125 0.22519999999999998 0.438990625 0.2777203125 0.43023749999999994 0.33740156250000003 0.43580781249999995 0.3962875 0.43819375000000005 0.46790624999999997 0.436603125 0.5196296874999999 0.44058125 0.58965625 0.436603125 0.64615625 0.4350109375 0.7519921875 0.438990625 0.7519921875 0.4222796875 0.6469515625 0.42546249999999997 0.588065625 0.42944062499999996 0.5192453125000001 0.4342046875 0.46711093750000005 0.43023749999999994 0.3962875 0.4310328125
4 0.290059375 0.38622812500000003 0.2762484375 0.384971875 0.271978125 0.42590781250000004 0.2850375 0.4266609375 0.290059375 0.38622812500000003
4 0.3468171875 0.3832140625 0.33199999999999996 0.3824609375 0.329990625 0.43143125 0.34304999999999997 0.43243593750000003 0.3468171875 0.3832140625
4 0.41135781250000003 0.38974375 0.3988015625 0.3884875 0.393778125 0.4336921875 0.40357343749999997 0.43419375000000004 0.41135781250000003 0.38974375
4 0.478159375 0.393259375 0.46660781250000005 0.3920046875 0.4638453125 0.4326875 0.47414218750000003 0.4326875 0.478159375 0.393259375
4 0.5261265625 0.437459375 0.5331578125 0.40481249999999996 0.5228609375 0.40255156249999996 0.5165828125 0.43695625 0.5261265625 0.437459375
4 0.5934296875 0.40882968750000004 0.5841390625 0.40882968750000004 0.5838875 0.4329390625 0.592928125 0.43243593750000003 0.5934296875 0.40882968750000004
4 0.6542046874999999 0.408578125 0.6436578125 0.408578125 0.6431546875 0.430678125 0.6534515625 0.43092968750000005 0.6542046874999999 0.408578125
3 0.6440625 0.45999999999999996 0.65421875 0.45968749999999997 0.6537499999999999 0.43093750000000003 0.6431250000000001 0.43078125 0.6440625 0.45999999999999996
3 0.5809375 0.45875000000000005 0.5896874999999999 0.45906250000000004 0.59296875 0.43234374999999997 0.58390625 0.4328125 0.5809375 0.45875000000000005
3 0.51046875 0.45703125 0.520625 0.45921874999999995 0.52625 0.43734375 0.5165625 0.4371875 0.51046875 0.45703125
3 0.46796875 0.44296875 0.0109375 0.0203125
3 0.390625 0.4565625 0.40031249999999996 0.4578125 0.40359375000000003 0.4340625 0.39359375 0.43375 0.390625 0.4565625
3 0.32859375 0.45671875 0.34140625 0.4575 0.34296875 0.43265624999999996 0.33015625000000004 0.43140625000000005 0.32859375 0.45671875
3 0.27046875 0.44781250000000006 0.28296875 0.4484375 0.28500000000000003 0.42671875000000004 0.27203125 0.4259375 0.27046875 0.44781250000000006
1 0.3859375 0.48828125 0.0671875 0.0390625
2 0.303125 0.41953125 0.0609375 0.028125
2 0.3640625 0.4234375 0.059375 0.0328125
2 0.43125 0.4328125 0.0640625 0.0265625
2 0.49609375 0.43515625 0.0546875 0.015625
2 0.553125 0.434375 0.0625 0.021875
2 0.6171875 0.4296875 0.0609375 0.021875