0 0.59609375 0.48828125 0.02265625 0.603125
4 0.6109375 0.70390625 0.03671875 0.009375
4 0.6109375 0.63984375 0.034375 0.0109375
4 0.61171875 0.5875 0.02734375 0.00859375
4 0.6140625 0.53515625 0.03125 0.0140625
4 0.59703125 0.48375 0.6392187500000001 0.490625 0.63890625 0.4771875 0.59703125 0.46968750000000004 0.59703125 0.48375
4 0.59765625 0.42046875000000006 0.62609375 0.42125 0.6259375 0.41015625 0.5974999999999999 0.409375 0.59765625 0.42046875000000006
4 0.61953125 0.35390625 0.04296875 0.01171875
4 0.61953125 0.28125 0.04375 0.0125
3 0.58125 0.28125 0.03203125 0.0125
3 0.5565625 0.34921875 0.55671875 0.36140625000000004 0.59828125 0.36062500000000003 0.59828125 0.34796875 0.5565625 0.34921875
3 0.58671875 0.41484375 0.021875 0.0109375
3 0.58203125 0.4765625 0.0296875 0.0140625
3 0.58125 0.53515625 0.03359375 0.0140625
3 0.58203125 0.5875 0.03203125 0.00859375
3 0.58203125 0.63984375 0.025 0.0109375
3 0.58671875 0.70390625 0.01171875 0.01015625
1 0.66484375 0.40859375 0.04921875 0.0734375
2 0.6015625 0.3140625 0.040625 0.06796875
2 0.60234375 0.3875 0.028125 0.04609375
2 0.6015625 0.44296875 0.04296875 0.06171875
2 0.59609375 0.5078125 0.04296875 0.0546875
2 0.5953125 0.56171875 0.040625 0.059375
2 0.5953125 0.61640625 0.03828125 0.05703125
2 0.60078125 0.675 0.04375 0.071875