0 0.5171875 0.53671875 0.55625 0.009375
4 0.665625 0.5453125 0.00625 0.0203125
3 0.66640625 0.5109375 0.0109375 0.046875
4 0.605634375 0.5318078125000001 0.5980421875 0.5478796874999999 0.6069734375 0.5514515624999999 0.6142859374999999 0.532365625 0.605634375 0.5318078125000001
3 0.61411875 0.493415625 0.6025078125000001 0.530915625 0.613671875 0.5313609375 0.6220984374999999 0.49665156250000003 0.61411875 0.493415625
4 0.53984375 0.55234375 0.009375 0.0328125
3 0.5390625 0.509375 0.00625 0.05
4 0.46875 0.55078125 0.00625 0.0296875
3 0.46484375 0.5171875 0.0046875 0.040625
1 0.4515625 0.64140625 0.084375 0.034375
2 0.63515625 0.5484375 0.0609375 0.009375
2 0.57265625 0.55078125 0.065625 0.009375
2 0.50390625 0.55234375 0.0703125 0.0125