0 0.760334375 0.5339265625 0.3161671875 0.5459546875 0.31709375 0.5616859375 0.76255625 0.54688125 0.760334375 0.5339265625
4 0.68955625 0.5731046875 0.6832625 0.543346875 0.6672390625 0.543634375 0.673534375 0.57539375 0.68955625 0.5731046875
3 0.6597999999999999 0.505865625 0.667525 0.5439203125 0.6839062499999999 0.5432812499999999 0.6742781250000001 0.5026578125000001 0.6597999999999999 0.505865625
3 0.6087312500000001 0.5450453125 0.6274578125 0.544825 0.6270171875 0.5097953125 0.6087312500000001 0.509575 0.6087312500000001 0.5450453125
3 0.565109375 0.544825 0.585378125 0.544825 0.5860390625 0.509575 0.565109375 0.509134375 0.565109375 0.544825
3 0.5444015624999999 0.5450453125 0.5408765625 0.5086937500000001 0.519946875 0.5097953125 0.5239125 0.5465875 0.5444015624999999 0.5450453125
3 0.497475 0.546146875 0.49659375 0.5080328125 0.472359375 0.508253125 0.4761046875 0.547028125 0.497475 0.546146875
4 0.62765625 0.54484375 0.60890625 0.545 0.6090625000000001 0.56734375 0.6285937500000001 0.5667187499999999 0.62765625 0.54484375
4 0.58546875 0.54484375 0.56546875 0.54484375 0.5650000000000001 0.57140625 0.5862499999999999 0.57125 0.58546875 0.54484375
4 0.54453125 0.545 0.5240625 0.5465625000000001 0.5248437499999999 0.57640625 0.5470312500000001 0.57484375 0.54453125 0.545
4 0.49812500000000004 0.5759375 0.49749999999999994 0.54625 0.47609375 0.54734375 0.4765625 0.57640625 0.49812500000000004 0.5759375
1 0.6078125 0.64765625 0.0734375 0.034375
2 0.64609375 0.54453125 0.059375 0.01875
2 0.6 0.5453125 0.04375 0.01875
2 0.55390625 0.54609375 0.046875 0.0171875
2 0.5109375 0.55078125 0.0484375 0.028125
2 0.46640625 0.55078125 0.046875 0.0265625