0 0.51171875 0.59609375 0.603125 0.021875
4 0.29609375 0.6109375 0.009375 0.0375
4 0.36015625 0.6109375 0.0109375 0.034375
4 0.4125 0.61171875 0.009375 0.028125
4 0.46484375 0.6140625 0.0140625 0.03125
4 0.51625 0.59703125 0.509375 0.6392187500000001 0.5228125 0.63890625 0.5303125 0.59703125 0.51625 0.59703125
4 0.5795312499999999 0.59765625 0.57875 0.62609375 0.58984375 0.6259375 0.590625 0.5974999999999999 0.5795312499999999 0.59765625
4 0.64609375 0.61953125 0.0125 0.04375
4 0.71875 0.61953125 0.0125 0.04375
3 0.71875 0.58125 0.0125 0.03125
3 0.65078125 0.5565625 0.63859375 0.55671875 0.639375 0.59828125 0.6520312500000001 0.59828125 0.65078125 0.5565625
3 0.58515625 0.58671875 0.0109375 0.021875
3 0.5234375 0.58203125 0.0140625 0.0296875
3 0.46484375 0.58125 0.0140625 0.034375
3 0.4125 0.58203125 0.009375 0.03125
3 0.36015625 0.58203125 0.0109375 0.025
3 0.29609375 0.58671875 0.009375 0.0125
1 0.59140625 0.66484375 0.0734375 0.05
2 0.6859375 0.6015625 0.06875 0.040625
2 0.6125 0.60234375 0.046875 0.028125
2 0.55703125 0.6015625 0.0625 0.04375
2 0.4921875 0.59609375 0.0546875 0.04375
2 0.43828125 0.5953125 0.059375 0.040625
2 0.38359375 0.5953125 0.05625 0.0375
2 0.325 0.60078125 0.071875 0.04375