1 0.35 0.64921875 0.075 0.0421875
0 0.49375 0.5671875 0.540625 0.015625
3 0.28671875 0.5515625 0.015625 0.0265625
3 0.3265625 0.54140625 0.01875 0.046875
3 0.36953125 0.54609375 0.021875 0.046875
3 0.41171875 0.55 0.0125 0.0375
3 0.45390625 0.54453125 0.0140625 0.04375
3 0.49765625 0.54921875 0.0140625 0.034375
3 0.5421875 0.54375 0.0171875 0.046875
3 0.6078125 0.553125 0.0109375 0.03125
3 0.66484375 0.54609375 0.0125 0.04375
3 0.7078125 0.54921875 0.0125 0.040625
4 0.7078125 0.58515625 0.009375 0.03125
4 0.66484375 0.571875 0.009375 0.025
4 0.6078125 0.5734375 0.0125 0.0296875
4 0.53671875 0.57421875 0.00625 0.03125
4 0.490625 0.56953125 0.00625 0.0234375
4 0.45 0.56953125 0.0125 0.015625
4 0.4109375 0.5734375 0.009375 0.015625
4 0.36328125 0.58125 0.00625 0.025
4 0.3265625 0.578125 0.009375 0.028125
4 0.28125 0.575 0.0109375 0.01875
2 0.3046875 0.5671875 0.04375 0.0125
2 0.3453125 0.5671875 0.04375 0.015625
2 0.38828125 0.56796875 0.05 0.0140625
2 0.43203125 0.56796875 0.04375 0.0125
2 0.4734375 0.56640625 0.046875 0.0140625
2 0.51953125 0.5671875 0.04375 0.015625
2 0.5765625 0.56171875 0.0671875 0.0203125
2 0.63828125 0.55859375 0.05625 0.01875
2 0.6890625 0.565625 0.0453125 0.0140625