0 0.6056984375 0.2014703125 0.594853125 0.29948437499999997 0.6066171875 0.757709375 0.6056984375 0.2014703125
4 0.61953125 0.25 0.02890625 0.00546875
3 0.59296875 0.25 0.02265625 0.00546875
4 0.61171875 0.29609375 0.01875 0.0078125
3 0.5875 0.29765625 0.028125 0.0078125
4 0.6140625 0.35546875 0.0203125 0.00625
3 0.5984375 0.35625 0.01171875 0.00546875
4 0.61171875 0.4296875 0.01796875 0.00859375
3 0.58984375 0.42890625 0.0234375 0.01015625
4 0.60546875 0.478125 0.01015625 0.0078125
3 0.598884375 0.48136093750000003 0.5997765625 0.475703125 0.5803578125 0.469940625 0.58043125 0.47540625 0.598884375 0.48136093750000003
4 0.6078125 0.525 0.01171875 0.00546875
3 0.58984375 0.52421875 0.025 0.00703125
4 0.6078125 0.5671875 0.0109375 0.00390625
3 0.58828125 0.5671875 0.02734375 0.00390625
4 0.609375 0.615625 0.0109375 0.00546875
3 0.58984375 0.6140625 0.02421875 0.01015625
4 0.615625 0.66015625 0.0203125 0.0046875
3 0.5953125 0.6609375 0.0171875 0.00390625
4 0.6140625 0.70546875 0.01328125 0.0046875
3 0.60390625 0.70546875 0.00703125 0.00546875
1 0.68359375 0.5515625 0.03046875 0.08203125
2 0.5921875 0.2734375 0.00859375 0.0453125
2 0.60234375 0.325 0.01171875 0.0609375
2 0.6 0.3921875 0.0078125 0.07265625
2 0.5921875 0.4515625 0.0046875 0.04765625
2 0.60859375 0.50234375 0.00625 0.04296875
2 0.6078125 0.54609375 0.00546875 0.04296875
2 0.60234375 0.59140625 0.00546875 0.04921875
2 0.6109375 0.63828125 0.0046875 0.04375
2 0.61328125 0.6828125 0.00703125 0.046875