0 0.5265625 0.4 0.40625 0.025
4 0.66953125 0.390625 0.015625 0.01875
4 0.6328125 0.40078125 0.0125 0.0140625
4 0.56328125 0.40234375 0.0125 0.009375
4 0.5203125 0.403125 0.0109375 0.01875
4 0.4640625 0.40546875 0.009375 0.0125
4 0.40546875 0.40234375 0.0125 0.015625
4 0.34609375 0.4015625 0.00625 0.0140625
3 0.3484375 0.42109375 0.00625 0.0359375
3 0.4 0.43671875 0.0171875 0.059375
3 0.46796875 0.415625 0.009375 0.03125
3 0.521875 0.43046875 0.015625 0.040625
3 0.57578125 0.42265625 0.015625 0.0359375
3 0.62265625 0.41875 0.0078125 0.03125
3 0.66796875 0.41328125 0.0125 0.0359375
1 0.66953125 0.3078125 0.08125 0.0390625
2 0.65546875 0.4015625 0.0390625 0.01875
2 0.603125 0.40390625 0.065625 0.0140625
2 0.54765625 0.40859375 0.046875 0.0125
2 0.4953125 0.409375 0.05 0.0125
2 0.4359375 0.4078125 0.0671875 0.0140625
2 0.37578125 0.40703125 0.0515625 0.0109375