1 0.61484375 0.303125 0.078125 0.0421875
0 0.44375 0.42109375 0.4734375 0.01875
3 0.63984375 0.42421875 0.0125 0.01875
3 0.590625 0.4265625 0.009375 0.0171875
3 0.54453125 0.434375 0.015625 0.025
3 0.503125 0.43828125 0.009375 0.04375
3 0.45546875 0.44140625 0.009375 0.0375
3 0.409375 0.43828125 0.0125 0.03125
3 0.3640625 0.4375 0.0125 0.028125
3 0.3078125 0.4421875 0.009375 0.0375
4 0.2984375 0.40234375 0.01875 0.04375
4 0.3640625 0.4078125 0.00625 0.034375
4 0.40859375 0.40625 0.009375 0.0375
4 0.45234375 0.409375 0.015625 0.034375
4 0.50234375 0.40625 0.009375 0.028125
4 0.553125 0.41875 0.009375 0.0125
4 0.59140625 0.41796875 0.0125 0.0078125
4 0.6421875 0.409375 0.009375 0.01875
2 0.6140625 0.4203125 0.0453125 0.01875
2 0.57265625 0.4203125 0.0421875 0.0140625
2 0.52734375 0.421875 0.05 0.015625
2 0.4765625 0.41953125 0.053125 0.015625
2 0.4296875 0.42109375 0.0453125 0.0125
2 0.38203125 0.4203125 0.0453125 0.0125
2 0.33203125 0.4171875 0.059375 0.0109375