0 0.47265625 0.5953125 0.571875 0.015625
4 0.26796875 0.6203125 0.00625 0.05
4 0.34140625 0.615625 0.009375 0.040625
4 0.39921875 0.61953125 0.009375 0.046875
4 0.45078125 0.61796875 0.00625 0.0421875
4 0.49921875 0.61328125 0.0078125 0.034375
4 0.55703125 0.6171875 0.009375 0.0453125
4 0.71875 0.61328125 0.009375 0.034375
4 0.67734375 0.60625 0.009375 0.021875
4 0.64375 0.6125 0.009375 0.034375
4 0.6015625 0.61328125 0.0125 0.0328125
3 0.26796875 0.5828125 0.00625 0.025
3 0.34140625 0.58046875 0.009375 0.0296875
3 0.40374999999999994 0.5553125 0.39437500000000003 0.5548437500000001 0.39421875 0.5959375 0.40328125000000004 0.5959375 0.40374999999999994 0.5553125
3 0.45078125 0.5828125 0.00625 0.028125
3 0.49921875 0.58203125 0.0078125 0.028125
3 0.55703125 0.584375 0.009375 0.0203125
3 0.6015625 0.58828125 0.0125 0.01875
3 0.64375 0.5828125 0.009375 0.025
3 0.67734375 0.58359375 0.009375 0.0234375
3 0.71875 0.58671875 0.009375 0.01875
1 0.53359375 0.6890625 0.078125 0.0515625
2 0.7 0.59296875 0.0421875 0.01875
2 0.66015625 0.590625 0.028125 0.01875
2 0.6265625 0.596875 0.04375 0.0265625
2 0.5796875 0.59375 0.0453125 0.021875
2 0.53046875 0.5953125 0.0609375 0.025
2 0.47578125 0.5953125 0.046875 0.01875
2 0.42734375 0.59453125 0.046875 0.0234375
2 0.3734375 0.59609375 0.0609375 0.0296875
2 0.3046875 0.5921875 0.0734375 0.021875