0 0.48625625 0.7683609375 0.50524375 0.774059375 0.5081015625 0.6904515625000001 0.52006875 0.2510203125 0.5 0.2585234375 0.49257656250000004 0.69843125 0.48625625 0.7683609375
3 0.49375 0.340625 0.03359375 0.0140625
3 0.4890625 0.44609375 0.0265625 0.015625
3 0.4890625 0.54921875 0.02578125 0.0140625
3 0.490625 0.634375 0.02109375 0.00859375
3 0.5017140625 0.6997234375 0.4800640625 0.6997234375 0.47462499999999996 0.7008578125 0.47512968750000006 0.7183734375 0.5049671874999999 0.71075625 0.5017140625 0.6997234375
4 0.5265625 0.3421875 0.03359375 0.01484375
4 0.53359375 0.4484375 0.0578125 0.01953125
4 0.52890625 0.5546875 0.05234375 0.01796875
4 0.5203125 0.63359375 0.0328125 0.01328125
4 0.5203125 0.7046875 0.03125 0.0140625
1 0.646875 0.42421875 0.0671875 0.07578125
2 0.50703125 0.3890625 0.01953125 0.10546875
2 0.5078125 0.49921875 0.0234375 0.10859375
2 0.5015625 0.5921875 0.01640625 0.08359375
2 0.5015625 0.66953125 0.01875 0.0671875