0 0.5125 0.52265625 0.546875 0.003125
4 0.65703125 0.5296875 0.00625 0.015625
3 0.65703125 0.49765625 0.009375 0.046875
4 0.5960671875 0.5209828125 0.59249375 0.531696875 0.5987453125 0.5366078125 0.605915625 0.5212046875 0.5960671875 0.5209828125
3 0.60544375 0.480803125 0.5956203125 0.51875 0.605890625 0.5209828125 0.6170765625 0.484375 0.60544375 0.480803125
4 0.53515625 0.5390625 0.009375 0.0296875
3 0.534375 0.49765625 0.009375 0.05
4 0.45897187500000003 0.5232140625 0.45941875000000004 0.5491078125 0.46879687499999995 0.550446875 0.467521875 0.5239953125000001 0.45897187500000003 0.5232140625
3 0.4609375 0.5046875 0.00625 0.0375
1 0.44765625 0.6265625 0.0828125 0.0375
2 0.628125 0.53203125 0.0609375 0.009375
2 0.56640625 0.53359375 0.065625 0.0125
2 0.49921875 0.54609375 0.06875 0.00625