0 0.756096875 0.44389687499999997 0.198590625 0.4499015625 0.209375 0.46875 0.757153125 0.46735781249999997 0.756096875 0.44389687499999997
3 0.25390625 0.47421875 0.0203125 0.0234375
3 0.315625 0.47109375 0.015625 0.0265625
3 0.3765625 0.4703125 0.021875 0.021875
3 0.45390625 0.46875 0.0171875 0.028125
3 0.503125 0.475 0.025 0.034375
3 0.57890625 0.46875 0.0203125 0.03125
4 0.2578125 0.43359375 0.028125 0.0578125
4 0.31953125 0.4296875 0.0203125 0.05625
4 0.38125 0.4296875 0.025 0.05
4 0.45625 0.4234375 0.01875 0.053125
4 0.5109375 0.43359375 0.025 0.04375
4 0.5796875 0.4296875 0.015625 0.040625
4 0.64140625 0.4359375 0.0171875 0.04375
3 0.64140625 0.4734375 0.0125 0.0359375
1 0.28671875 0.515625 0.0875 0.0375
2 0.28359375 0.45859375 0.0625 0.021875
2 0.34609375 0.45859375 0.0625 0.021875
2 0.41484375 0.45859375 0.075 0.01875
2 0.478125 0.459375 0.053125 0.01875
2 0.5421875 0.45859375 0.071875 0.021875
2 0.6078125 0.45625 0.0609375 0.0234375