0 0.563396875 0.58965625 0.5649890625 0.64615625 0.561009375 0.7519921875 0.5777203125 0.7519921875 0.5745375 0.6469515625 0.570559375 0.588065625 0.5657953124999999 0.5192453125000001 0.5697625000000001 0.46711093750000005 0.5689671875 0.3962875 0.5713546875 0.33660625 0.5777203125 0.276128125 0.5689671875 0.2228125 0.561009375 0.22519999999999998 0.5697625000000001 0.2777203125 0.5641921875 0.33740156250000003 0.56180625 0.3962875 0.563396875 0.46790624999999997 0.5594187500000001 0.5196296874999999 0.563396875 0.58965625
4 0.6137718750000001 0.290059375 0.615028125 0.2762484375 0.5740921875 0.271978125 0.5733390625 0.2850375 0.6137718750000001 0.290059375
4 0.6167859375 0.3468171875 0.6175390625 0.33199999999999996 0.5685687500000001 0.329990625 0.5675640625 0.34304999999999997 0.6167859375 0.3468171875
4 0.6102562500000001 0.41135781250000003 0.6115125 0.3988015625 0.5663078125000001 0.393778125 0.56580625 0.40357343749999997 0.6102562500000001 0.41135781250000003
4 0.606740625 0.478159375 0.6079953125 0.46660781250000005 0.5673125 0.4638453125 0.5673125 0.47414218750000003 0.606740625 0.478159375
4 0.562540625 0.5261265625 0.5951875 0.5331578125 0.5974484375 0.5228609375 0.5630437500000001 0.5165828125 0.562540625 0.5261265625
4 0.5911703125 0.5934296875 0.5911703125 0.5841390625 0.5670609375 0.5838875 0.5675640625 0.592928125 0.5911703125 0.5934296875
4 0.591421875 0.6542046874999999 0.591421875 0.6436578125 0.569321875 0.6431546875 0.5690703125 0.6534515625 0.591421875 0.6542046874999999
3 0.54 0.6440625 0.5403125 0.65421875 0.5690625 0.6537499999999999 0.56921875 0.6431250000000001 0.54 0.6440625
3 0.54125 0.5809375 0.5409375 0.5896874999999999 0.56765625 0.59296875 0.5671875 0.58390625 0.54125 0.5809375
3 0.54296875 0.51046875 0.54078125 0.520625 0.5626562500000001 0.52625 0.5628124999999999 0.5165625 0.54296875 0.51046875
3 0.55703125 0.46796875 0.0203125 0.0109375
3 0.5434375 0.390625 0.5421875 0.40031249999999996 0.5659375 0.40359375000000003 0.5662499999999999 0.39359375 0.5434375 0.390625
3 0.5432812499999999 0.32859375 0.5425 0.34140625 0.56734375 0.34296875 0.56859375 0.33015625000000004 0.5432812499999999 0.32859375
3 0.5521874999999999 0.27046875 0.5515625 0.28296875 0.57328125 0.28500000000000003 0.5740624999999999 0.27203125 0.5521874999999999 0.27046875
1 0.51171875 0.3859375 0.0390625 0.0671875
2 0.58046875 0.303125 0.02890625 0.0609375
2 0.5765625 0.3640625 0.0328125 0.059375
2 0.5671875 0.43125 0.0265625 0.0640625
2 0.56484375 0.49609375 0.015625 0.0546875
2 0.565625 0.553125 0.02109375 0.0625
2 0.5703125 0.6171875 0.02265625 0.0609375