0 0.6 0.5265625 0.025 0.40625
4 0.609375 0.66953125 0.01875 0.015625
4 0.59921875 0.6328125 0.0140625 0.0125
4 0.59765625 0.56328125 0.009375 0.0125
4 0.596875 0.5203125 0.01875 0.0109375
4 0.59453125 0.4640625 0.0125 0.009375
4 0.59765625 0.40546875 0.015625 0.0125
4 0.5984375 0.34609375 0.0140625 0.00625
3 0.57890625 0.3484375 0.0359375 0.00625
3 0.56328125 0.4 0.059375 0.0171875
3 0.584375 0.46796875 0.03125 0.009375
3 0.56953125 0.521875 0.040625 0.015625
3 0.57734375 0.57578125 0.0359375 0.015625
3 0.58125 0.62265625 0.03125 0.0078125
3 0.58671875 0.66796875 0.0359375 0.0125
1 0.6921875 0.66953125 0.0390625 0.08125
2 0.5984375 0.65546875 0.01875 0.0390625
2 0.59609375 0.603125 0.0140625 0.065625
2 0.59140625 0.54765625 0.0125 0.046875
2 0.590625 0.4953125 0.0125 0.05
2 0.5921875 0.4359375 0.0140625 0.0671875
2 0.59296875 0.37578125 0.0109375 0.0515625