0 0.5890625 0.2203125 0.5625 0.80625 0.6015625 0.80625 0.6046875 0.221875 0.5890625 0.2203125
4 0.6171875 0.26796875 0.04375 0.0109375
4 0.6078125 0.31015625 0.034375 0.009375
4 0.61015625 0.3453125 0.040625 0.009375
4 0.609375 0.39140625 0.040625 0.009375
4 0.6365765624999999 0.43055000000000004 0.5881093749999999 0.43277656249999996 0.5877671875 0.43979687500000003 0.6364046875 0.438428125 0.6365765624999999 0.43055000000000004
4 0.60546875 0.4953125 0.04375 0.009375
4 0.6109375 0.5453125 0.059375 0.009375
4 0.6381171875 0.5954734375 0.5839984375 0.593246875 0.5845125 0.6024953125 0.6381171875 0.6062624999999999 0.6381171875 0.5954734375
4 0.6015625 0.6578125 0.040625 0.009375
4 0.6140625 0.73203125 0.053125 0.0125
3 0.5796875 0.26796875 0.03125 0.009375
3 0.5765625 0.31015625 0.028125 0.009375
3 0.5796875 0.3453125 0.01875 0.009375
3 0.5828125 0.390625 0.0109375 0.009375
3 0.57890625 0.4359375 0.01875 0.00625
3 0.571875 0.4953125 0.021875 0.009375
3 0.57109375 0.5453125 0.0203125 0.009375
3 0.584375 0.60234375 0.5840625 0.59328125 0.55015625 0.5921875 0.55015625 0.6012500000000001 0.584375 0.60234375
3 0.56328125 0.6578125 0.0359375 0.009375
3 0.57421875 0.73203125 0.028125 0.0125
1 0.67890625 0.46171875 0.034375 0.075
2 0.59296875 0.28671875 0.028125 0.0453125
2 0.5890625 0.32578125 0.025 0.034375
2 0.59375 0.365625 0.028125 0.0484375
2 0.59296875 0.4125 0.028125 0.04375
2 0.5875 0.46484375 0.021875 0.0609375
2 0.584375 0.51796875 0.025 0.053125
2 0.58359375 0.5671875 0.025 0.053125
2 0.58125 0.625 0.028125 0.0609375
2 0.5828125 0.69140625 0.0359375 0.071875