0 0.3095484375 0.5081015625 0.7489796875 0.52006875 0.7414765625 0.5 0.30156875 0.49257656250000004 0.2316390625 0.48625625 0.225940625 0.50524375 0.3095484375 0.5081015625
3 0.659375 0.49375 0.0140625 0.034375
3 0.55390625 0.4890625 0.015625 0.0265625
3 0.45078125 0.4890625 0.0140625 0.025
3 0.365625 0.490625 0.009375 0.021875
3 0.2816265625 0.47512968750000006 0.28924375 0.5049671874999999 0.3002765625 0.5017140625 0.3002765625 0.4800640625 0.2991421875 0.47462499999999996 0.2816265625 0.47512968750000006
4 0.6578125 0.5265625 0.015625 0.034375
4 0.5515625 0.53359375 0.01875 0.0578125
4 0.4453125 0.52890625 0.01875 0.053125
4 0.36640625 0.5203125 0.0125 0.0328125
4 0.2953125 0.5203125 0.0140625 0.03125
1 0.57578125 0.646875 0.075 0.0671875
2 0.6109375 0.50703125 0.10625 0.01875
2 0.50078125 0.5078125 0.109375 0.0234375
2 0.4078125 0.5015625 0.084375 0.015625
2 0.33046875 0.5015625 0.0671875 0.01875