0 0.4734375 0.6 0.40625 0.025
4 0.33046875 0.609375 0.015625 0.01875
4 0.3671875 0.59921875 0.0125 0.0140625
4 0.43671875 0.59765625 0.0125 0.009375
4 0.4796875 0.596875 0.0109375 0.01875
4 0.5359375 0.59453125 0.009375 0.0125
4 0.59453125 0.59765625 0.0125 0.015625
4 0.65390625 0.5984375 0.00625 0.0140625
3 0.6515625 0.57890625 0.00625 0.0359375
3 0.6 0.56328125 0.0171875 0.059375
3 0.53203125 0.584375 0.009375 0.03125
3 0.478125 0.56953125 0.015625 0.040625
3 0.42421875 0.57734375 0.015625 0.0359375
3 0.37734375 0.58125 0.0078125 0.03125
3 0.33203125 0.58671875 0.0125 0.0359375
1 0.33046875 0.6921875 0.08125 0.0390625
2 0.34453125 0.5984375 0.0390625 0.01875
2 0.396875 0.59609375 0.065625 0.0140625
2 0.45234375 0.59140625 0.046875 0.0125
2 0.5046875 0.590625 0.05 0.0125
2 0.5640625 0.5921875 0.0671875 0.0140625
2 0.62421875 0.59296875 0.0515625 0.0109375