1 0.36171875 0.6890625 0.075 0.04375
0 0.2789984375 0.6160078125 0.279596875 0.6339671874999999 0.8087031250000001 0.6028390625 0.8066000000000001 0.59008125 0.2789984375 0.6160078125
3 0.32109375 0.61640625 0.009375 0.0203125
3 0.36171875 0.61328125 0.009375 0.0234375
3 0.4046875 0.6140625 0.009375 0.0171875
3 0.440625 0.61015625 0.0109375 0.0203125
3 0.48984375 0.60546875 0.009375 0.0234375
3 0.5328125 0.6078125 0.0109375 0.0125
3 0.5765625 0.60703125 0.0125 0.0125
3 0.61796875 0.6015625 0.009375 0.015625
3 0.6625 0.59921875 0.009375 0.015625
4 0.6671875 0.625 0.00625 0.0375
4 0.6171875 0.63125 0.009375 0.040625
4 0.575 0.63359375 0.0078125 0.04375
4 0.53046875 0.63203125 0.00625 0.040625
4 0.4890625 0.63515625 0.0078125 0.040625
4 0.440625 0.63671875 0.009375 0.028125
4 0.40390625 0.6375 0.009375 0.0265625
4 0.36015625 0.6390625 0.00625 0.03125
4 0.3203125 0.63984375 0.00625 0.028125
2 0.64140625 0.60703125 0.046875 0.0125
2 0.596875 0.60859375 0.04375 0.015625
2 0.553125 0.6109375 0.04375 0.0140625
2 0.51015625 0.61171875 0.0421875 0.015625
2 0.46640625 0.61328125 0.046875 0.015625
2 0.4234375 0.615625 0.03125 0.015625
2 0.3828125 0.61875 0.040625 0.015625
2 0.340625 0.62109375 0.0375 0.01875