1 0.45859375 0.40078125 0.071875 0.0390625
0 0.44921875 0.4453125 0.4453125 0.021875
3 0.23359375 0.4625 0.0125 0.0375
3 0.27109375 0.46328125 0.0109375 0.034375
3 0.3078125 0.46171875 0.0125 0.0296875
3 0.34921875 0.46015625 0.00625 0.025
3 0.40234375 0.46171875 0.009375 0.03125
3 0.44765625 0.4640625 0.0125 0.028125
3 0.49453125 0.4671875 0.0109375 0.0359375
4 0.49453125 0.43984375 0.0078125 0.01875
4 0.4484375 0.43828125 0.0125 0.025
4 0.40234375 0.43984375 0.0109375 0.01875
4 0.35 0.43984375 0.0140625 0.01875
4 0.30859375 0.4421875 0.009375 0.015625
4 0.27421875 0.43984375 0.015625 0.01875
4 0.23671875 0.440625 0.0125 0.01875
2 0.471875 0.45 0.046875 0.0109375
2 0.42578125 0.45 0.046875 0.009375
2 0.37421875 0.45078125 0.05 0.009375
2 0.328125 0.45078125 0.0375 0.009375
2 0.290625 0.45 0.03125 0.00625
2 0.2546875 0.45 0.0375 0.00625