0 0.5339265625 0.239665625 0.5459546875 0.6838328125 0.5616859375 0.68290625 0.54688125 0.23744375 0.5339265625 0.239665625
4 0.5731046875 0.31044375 0.543346875 0.3167375 0.543634375 0.3327609375 0.57539375 0.326465625 0.5731046875 0.31044375
3 0.505865625 0.3402 0.5439203125 0.33247499999999997 0.5432812499999999 0.31609375 0.5026578125000001 0.325721875 0.505865625 0.3402
3 0.5450453125 0.39126875 0.544825 0.3725421875 0.5097953125 0.3729828125 0.509575 0.39126875 0.5450453125 0.39126875
3 0.544825 0.434890625 0.544825 0.41462187500000003 0.509575 0.4139609375 0.509134375 0.434890625 0.544825 0.434890625
3 0.5450453125 0.45559843750000006 0.5086937500000001 0.4591234375 0.5097953125 0.48005312499999997 0.5465875 0.47608750000000005 0.5450453125 0.45559843750000006
3 0.546146875 0.502525 0.5080328125 0.50340625 0.508253125 0.527640625 0.547028125 0.5238953125 0.546146875 0.502525
4 0.54484375 0.37234375000000003 0.545 0.39109375 0.56734375 0.3909375 0.5667187499999999 0.37140625 0.54484375 0.37234375000000003
4 0.54484375 0.41453125 0.54484375 0.43453125000000004 0.57140625 0.43499999999999994 0.57125 0.41375 0.54484375 0.41453125
4 0.545 0.45546875 0.5465625000000001 0.4759375 0.57640625 0.47515625000000006 0.57484375 0.45296875 0.545 0.45546875
4 0.5759375 0.501875 0.54625 0.5025000000000001 0.54734375 0.52390625 0.57640625 0.5234375 0.5759375 0.501875
1 0.64765625 0.3921875 0.034375 0.0734375
2 0.54453125 0.35390625 0.01875 0.059375
2 0.5453125 0.4 0.01875 0.04375
2 0.54609375 0.44609375 0.0171875 0.046875
2 0.55078125 0.4890625 0.028125 0.0484375
2 0.55078125 0.53359375 0.0265625 0.046875