0 0.6263 0.7372687499999999 0.5992609375 0.284015625 0.5859375 0.2890625 0.6087640624999999 0.7391546875 0.6263 0.7372687499999999
3 0.571875 0.3296875 0.04453125 0.01171875
3 0.5609375 0.3828125 0.071875 0.01875
3 0.58203125 0.4578125 0.03359375 0.009375
3 0.5734375 0.51171875 0.04609375 0.0171875
3 0.58203125 0.56328125 0.03828125 0.0125
3 0.58359375 0.61875 0.04765625 0.00859375
3 0.58828125 0.66640625 0.04765625 0.015625
4 0.60859375 0.3265625 0.03125 0.0125
4 0.603125 0.38828125 0.01953125 0.0140625
4 0.60390625 0.453125 0.01328125 0.009375
4 0.60625 0.51171875 0.01484375 0.0140625
4 0.603125 0.5640625 0.00546875 0.0125
4 0.6203125 0.66796875 0.01640625 0.0140625
4 0.61171875 0.61796875 0.01796875 0.00625
1 0.69921875 0.496875 0.0515625 0.084375
2 0.6 0.35703125 0.03046875 0.06484375
2 0.59765625 0.41875 0.028125 0.06796875
2 0.59921875 0.48125 0.025 0.05859375
2 0.60078125 0.53515625 0.02890625 0.04921875
2 0.60625 0.59140625 0.0265625 0.0578125
2 0.609375 0.64296875 0.025 0.0515625