0 0.5375 0.49375 0.521875 0.0296875
3 0.3046875 0.51171875 0.009375 0.021875
3 0.365625 0.5046875 0.009375 0.0171875
3 0.4203125 0.50703125 0.009375 0.01875
3 0.47265625 0.50625 0.009375 0.0171875
3 0.52265625 0.50546875 0.009375 0.0125
3 0.58359375 0.50390625 0.0078125 0.015625
3 0.63984375 0.50078125 0.009375 0.0125
3 0.6859375 0.4984375 0.0125 0.015625
3 0.740625 0.49609375 0.015625 0.01875
4 0.7421875 0.4640625 0.009375 0.04375
4 0.68671875 0.47578125 0.009375 0.03125
4 0.63828125 0.471875 0.009375 0.04375
4 0.58046875 0.4765625 0.009375 0.046875
4 0.5234375 0.4796875 0.009375 0.04375
4 0.47109375 0.4734375 0.0109375 0.0515625
4 0.4203125 0.48046875 0.0125 0.040625
4 0.36796875 0.4796875 0.0125 0.0375
4 0.30390625 0.48125 0.0125 0.040625
1 0.70703125 0.4125 0.0828125 0.040625
2 0.7140625 0.4875 0.05625 0.015625
2 0.66171875 0.4875 0.046875 0.0109375
2 0.61015625 0.49140625 0.053125 0.0125
2 0.5515625 0.49296875 0.0578125 0.0125
2 0.496875 0.49375 0.05 0.0125
2 0.44453125 0.49375 0.0515625 0.009375
2 0.39296875 0.4921875 0.053125 0.009375
2 0.33515625 0.49296875 0.0625 0.009375