1 0.64921875 0.65 0.0421875 0.07421875
0 0.5671875 0.50625 0.01484375 0.540625
3 0.5515625 0.71328125 0.0265625 0.01640625
3 0.54140625 0.6734375 0.04765625 0.01796875
3 0.54609375 0.63046875 0.04765625 0.02109375
3 0.55 0.58828125 0.0375 0.01171875
3 0.54453125 0.54609375 0.04296875 0.0140625
3 0.54921875 0.50234375 0.034375 0.0140625
3 0.54375 0.4578125 0.04765625 0.0171875
3 0.553125 0.3921875 0.03125 0.0109375
3 0.54609375 0.33515625 0.04375 0.01171875
3 0.54921875 0.2921875 0.04140625 0.0125
4 0.58515625 0.2921875 0.03046875 0.01015625
4 0.571875 0.33515625 0.02578125 0.009375
4 0.5734375 0.3921875 0.0296875 0.0125
4 0.57421875 0.46328125 0.03125 0.00703125
4 0.56953125 0.509375 0.0234375 0.00703125
4 0.56953125 0.55 0.01640625 0.01171875
4 0.5734375 0.5890625 0.01640625 0.009375
4 0.58125 0.63671875 0.025 0.00703125
4 0.578125 0.6734375 0.028125 0.00859375
4 0.575 0.71875 0.01953125 0.0109375
2 0.5671875 0.6953125 0.0125 0.04296875
2 0.5671875 0.6546875 0.015625 0.04375
2 0.56796875 0.61171875 0.0140625 0.05
2 0.56796875 0.56796875 0.01328125 0.04296875
2 0.56640625 0.5265625 0.0140625 0.046875
2 0.5671875 0.48046875 0.01640625 0.04453125
2 0.56171875 0.4234375 0.0203125 0.0671875
2 0.55859375 0.36171875 0.01953125 0.05703125
2 0.565625 0.3109375 0.0140625 0.0453125