0 0.56875 0.4484375 0.0125 0.54609375
3 0.5546875 0.25390625 0.03046875 0.01171875
3 0.55 0.32109375 0.03828125 0.01328125
3 0.56015625 0.3734375 0.01875 0.00703125
3 0.55390625 0.43125 0.02890625 0.01171875
3 0.55859375 0.484375 0.021875 0.00859375
3 0.55625 0.53203125 0.0265625 0.009375
3 0.559375 0.57890625 0.0171875 0.009375
3 0.559375 0.63828125 0.01875 0.00703125
4 0.584375 0.25390625 0.02890625 0.0125
4 0.58671875 0.32109375 0.03359375 0.0140625
4 0.5828125 0.3734375 0.0265625 0.009375
4 0.5875 0.43203125 0.03828125 0.0125
4 0.584375 0.484375 0.02890625 0.00859375
4 0.58203125 0.53203125 0.025 0.009375
4 0.5828125 0.578125 0.02890625 0.009375
4 0.58515625 0.63828125 0.03359375 0.00703125
1 0.62578125 0.37109375 0.040625 0.06171875
2 0.56875 0.290625 0.0453125 0.06484375
2 0.56875 0.34375 0.03359375 0.05625
2 0.57109375 0.40234375 0.02578125 0.05390625
2 0.571875 0.4578125 0.02734375 0.06015625
2 0.5703125 0.5078125 0.025 0.05078125
2 0.57421875 0.55625 0.02734375 0.046875
2 0.5703125 0.609375 0.02421875 0.05390625