0 0.7683609375 0.5137437499999999 0.774059375 0.49475625 0.6904515625000001 0.4918984375 0.2510203125 0.47993125000000003 0.2585234375 0.5 0.69843125 0.5074234375 0.7683609375 0.5137437499999999
3 0.340625 0.50625 0.0140625 0.034375
3 0.44609375 0.5109375 0.015625 0.0265625
3 0.54921875 0.5109375 0.0140625 0.025
3 0.634375 0.509375 0.009375 0.021875
3 0.6997234375 0.5199359375 0.7008578125 0.525375 0.7183734375 0.5248703124999999 0.71075625 0.49503281250000003 0.6997234375 0.49828593750000005 0.6997234375 0.5199359375
4 0.3421875 0.4734375 0.015625 0.034375
4 0.4484375 0.46640625 0.01875 0.0578125
4 0.5546875 0.47109375 0.01875 0.053125
4 0.63359375 0.4796875 0.0125 0.0328125
4 0.7046875 0.4796875 0.0140625 0.03125
1 0.42421875 0.353125 0.075 0.0671875
2 0.3890625 0.49296875 0.10625 0.01875
2 0.49921875 0.4921875 0.109375 0.0234375
2 0.5921875 0.4984375 0.084375 0.015625
2 0.66953125 0.4984375 0.0671875 0.01875