0 0.49405937499999997 0.5288328124999999 0.598603125 0.5261203125 0.6658109375000001 0.5234062500000001 0.7493218749999999 0.5149265625 0.480758215625 0.5287522859375 0.49405937499999997 0.5288328124999999
0 0.3820484375 0.5281546875 0.1629015625 0.545115625 0.480758215625 0.5287522859375 0.3820484375 0.5281546875
4 0.66640625 0.54375 0.003125 0.0359375
3 0.66640625 0.5203125 0.003125 0.0109375
4 0.60390625 0.54375 0.003125 0.034375
3 0.60390625 0.52265625 0.003125 0.00625
4 0.55 0.5453125 0.003125 0.034375
3 0.55 0.525 0.003125 0.003125
4 0.49765625 0.553125 0.003125 0.05
3 0.496875 0.52265625 0.003125 0.0109375
3 0.4453125 0.52265625 0.00625 0.0140625
4 0.38146562500000003 0.5315937500000001 0.3877171875 0.5703125 0.391071875 0.5690937500000001 0.3848203125 0.5318984375 0.38146562500000003 0.5315937500000001
3 0.38203125 0.52421875 0.003125 0.015625
4 0.32734375 0.55546875 0.003125 0.040625
3 0.32734375 0.52890625 0.003125 0.0125
4 0.278125 0.5515625 0.003125 0.025
3 0.278125 0.5328125 0.003125 0.0125
4 0.21804687500000003 0.5416546875 0.2217078125 0.583575 0.2250625 0.583421875 0.22099843749999998 0.5421109375000001 0.21804687500000003 0.5416546875
3 0.21953125 0.53515625 0.0046875 0.0125
4 0.4453125 0.5484375 0.003125 0.0375
1 0.33984375 0.6125 0.084375 0.034375
2 0.6359375 0.53671875 0.0625 0.0125
2 0.57734375 0.53671875 0.053125 0.0125
2 0.52421875 0.5375 0.053125 0.0125
2 0.471875 0.53828125 0.053125 0.0109375
2 0.41796875 0.5546875 0.0578125 0.0078125
2 0.3546875 0.540625 0.053125 0.009375
2 0.30234375 0.546875 0.05 0.00625
2 0.25 0.54921875 0.0578125 0.009375