0 0.24337499999999998 0.486121875 0.736659375 0.49929843749999997 0.5094171875 0.485346875 0.24337499999999998 0.486121875
4 0.3234375 0.471875 0.00625 0.0296875
3 0.321875 0.49609375 0.00625 0.01875
4 0.42578125 0.45546875 0.003125 0.059375
3 0.42578125 0.4953125 0.0015625 0.01875
4 0.53203125 0.4625 0.00625 0.0484375
3 0.53125 0.49765625 0.00625 0.021875
4 0.6125 0.4765625 0.003125 0.0296875
3 0.6125 0.4984375 0.003125 0.0125
4 0.68125 0.48203125 0.003125 0.0296875
3 0.68125 0.50234375 0.0046875 0.0125
1 0.5546875 0.35625 0.075 0.03125
2 0.3734375 0.47109375 0.103125 0.01875
2 0.478125 0.471875 0.10625 0.015625
2 0.571875 0.4734375 0.08125 0.0125
2 0.64609375 0.4828125 0.06875 0.009375