1 0.65 0.35078125 0.075 0.0421875
0 0.50625 0.4328125 0.540625 0.015625
3 0.71328125 0.4484375 0.015625 0.0265625
3 0.6734375 0.45859375 0.01875 0.046875
3 0.63046875 0.45390625 0.021875 0.046875
3 0.58828125 0.45 0.0125 0.0375
3 0.54609375 0.45546875 0.0140625 0.04375
3 0.50234375 0.45078125 0.0140625 0.034375
3 0.4578125 0.45625 0.0171875 0.046875
3 0.3921875 0.446875 0.0109375 0.03125
3 0.33515625 0.45390625 0.0125 0.04375
3 0.2921875 0.45078125 0.0125 0.040625
4 0.2921875 0.41484375 0.009375 0.03125
4 0.33515625 0.428125 0.009375 0.025
4 0.3921875 0.4265625 0.0125 0.0296875
4 0.46328125 0.42578125 0.00625 0.03125
4 0.509375 0.43046875 0.00625 0.0234375
4 0.55 0.43046875 0.0125 0.015625
4 0.5890625 0.4265625 0.009375 0.015625
4 0.63671875 0.41875 0.00625 0.025
4 0.6734375 0.421875 0.009375 0.028125
4 0.71875 0.425 0.0109375 0.01875
2 0.6953125 0.4328125 0.04375 0.0125
2 0.6546875 0.4328125 0.04375 0.015625
2 0.61171875 0.43203125 0.05 0.0140625
2 0.56796875 0.43203125 0.04375 0.0125
2 0.5265625 0.43359375 0.046875 0.0140625
2 0.48046875 0.4328125 0.04375 0.015625
2 0.4234375 0.43828125 0.0671875 0.0203125
2 0.36171875 0.44140625 0.05625 0.01875
2 0.3109375 0.434375 0.0453125 0.0140625