0 0.4828125 0.46328125 0.55625 0.009375
4 0.334375 0.4546875 0.00625 0.0203125
3 0.33359375 0.4890625 0.0109375 0.046875
4 0.394365625 0.46819218749999997 0.40195781249999996 0.45212031250000007 0.3930265625 0.44854843750000006 0.3857140625 0.467634375 0.394365625 0.46819218749999997
3 0.38588125 0.506584375 0.39749218750000004 0.469084375 0.386328125 0.4686390625 0.3779015625 0.5033484374999999 0.38588125 0.506584375
4 0.46015625 0.44765625 0.009375 0.0328125
3 0.4609375 0.490625 0.00625 0.05
4 0.53125 0.44921875 0.00625 0.0296875
3 0.53515625 0.4828125 0.0046875 0.040625
1 0.5484375 0.35859375 0.084375 0.034375
2 0.36484375 0.4515625 0.0609375 0.009375
2 0.42734375 0.44921875 0.065625 0.009375
2 0.49609375 0.44765625 0.0703125 0.0125