0 0.53671875 0.4828125 0.00859375 0.55625
4 0.5453125 0.334375 0.0203125 0.00703125
3 0.5109375 0.33359375 0.04765625 0.0109375
4 0.5318078125000001 0.394365625 0.5478796874999999 0.40195781249999996 0.5514515624999999 0.3930265625 0.532365625 0.3857140625 0.5318078125000001 0.394365625
3 0.493415625 0.38588125 0.530915625 0.39749218750000004 0.5313609375 0.386328125 0.49665156250000003 0.3779015625 0.493415625 0.38588125
4 0.55234375 0.46015625 0.0328125 0.009375
3 0.509375 0.4609375 0.05078125 0.00703125
4 0.55078125 0.53125 0.0296875 0.00546875
3 0.5171875 0.53515625 0.03984375 0.0046875
1 0.64140625 0.5484375 0.034375 0.08359375
2 0.5484375 0.36484375 0.009375 0.0609375
2 0.55078125 0.42734375 0.009375 0.065625
2 0.55234375 0.49609375 0.01171875 0.0703125