1 0.54140625 0.59921875 0.071875 0.0390625
0 0.55078125 0.5546875 0.4453125 0.021875
3 0.76640625 0.5375 0.0125 0.0375
3 0.72890625 0.53671875 0.0109375 0.034375
3 0.6921875 0.53828125 0.0125 0.0296875
3 0.65078125 0.53984375 0.00625 0.025
3 0.59765625 0.53828125 0.009375 0.03125
3 0.55234375 0.5359375 0.0125 0.028125
3 0.50546875 0.5328125 0.0109375 0.0359375
4 0.50546875 0.56015625 0.0078125 0.01875
4 0.5515625 0.56171875 0.0125 0.025
4 0.59765625 0.56015625 0.0109375 0.01875
4 0.65 0.56015625 0.0140625 0.01875
4 0.69140625 0.5578125 0.009375 0.015625
4 0.72578125 0.56015625 0.015625 0.01875
4 0.76328125 0.559375 0.0125 0.01875
2 0.528125 0.55 0.046875 0.0109375
2 0.57421875 0.55 0.046875 0.009375
2 0.62578125 0.54921875 0.05 0.009375
2 0.671875 0.54921875 0.0375 0.009375
2 0.709375 0.55 0.03125 0.00625
2 0.7453125 0.55 0.0375 0.00625