0 0.723871875 0.5777203125 0.7771874999999999 0.5689671875 0.7748 0.561009375 0.7222796875 0.5697625000000001 0.6625984375 0.5641921875 0.6037125 0.56180625 0.53209375 0.563396875 0.4803703125 0.5594187500000001 0.41034375 0.563396875 0.35384375 0.5649890625 0.24800781249999998 0.561009375 0.24800781249999998 0.5777203125 0.3530484375 0.5745375 0.41193437499999996 0.570559375 0.4807546875 0.5657953124999999 0.5328890625 0.5697625000000001 0.6037125 0.5689671875 0.66339375 0.5713546875 0.723871875 0.5777203125
4 0.728021875 0.5740921875 0.7149625000000001 0.5733390625 0.709940625 0.6137718750000001 0.7237515625000001 0.615028125 0.728021875 0.5740921875
4 0.670009375 0.5685687500000001 0.6569499999999999 0.5675640625 0.6531828125 0.6167859375 0.6679999999999999 0.6175390625 0.670009375 0.5685687500000001
4 0.606221875 0.5663078125000001 0.5964265625 0.56580625 0.5886421875 0.6102562500000001 0.6011984375 0.6115125 0.606221875 0.5663078125000001
4 0.5361546875000001 0.5673125 0.5258578125 0.5673125 0.5218406250000001 0.606740625 0.5333921875 0.6079953125 0.5361546875000001 0.5673125
4 0.47713906250000004 0.5974484375 0.4834171875 0.5630437500000001 0.4738734375 0.562540625 0.4668421875 0.5951875 0.47713906250000004 0.5974484375
4 0.4161125 0.5670609375 0.407071875 0.5675640625 0.4065703125 0.5911703125 0.4158609375 0.5911703125 0.4161125 0.5670609375
4 0.3568453125 0.569321875 0.3465484375 0.5690703125 0.3457953125 0.591421875 0.3563421875 0.591421875 0.3568453125 0.569321875
3 0.34625 0.5690625 0.356875 0.56921875 0.3559375 0.54 0.34578125000000004 0.5403125 0.34625 0.5690625
3 0.40703125 0.56765625 0.41609375000000004 0.5671875 0.4190625 0.54125 0.4103125 0.5409375 0.40703125 0.56765625
3 0.47375 0.5626562500000001 0.48343749999999996 0.5628124999999999 0.48953125000000003 0.54296875 0.479375 0.54078125 0.47375 0.5626562500000001
3 0.53203125 0.55703125 0.0109375 0.0203125
3 0.59640625 0.5659375 0.60640625 0.5662499999999999 0.609375 0.5434375 0.5996875 0.5421875 0.59640625 0.5659375
3 0.65703125 0.56734375 0.66984375 0.56859375 0.67140625 0.5432812499999999 0.65859375 0.5425 0.65703125 0.56734375
3 0.7150000000000001 0.57328125 0.7279687499999999 0.5740624999999999 0.72953125 0.5521874999999999 0.71703125 0.5515625 0.7150000000000001 0.57328125
1 0.6140625 0.51171875 0.0671875 0.0390625
2 0.696875 0.58046875 0.0609375 0.028125
2 0.6359375 0.5765625 0.059375 0.0328125
2 0.56875 0.5671875 0.0640625 0.0265625
2 0.50390625 0.56484375 0.0546875 0.015625
2 0.446875 0.565625 0.0625 0.021875
2 0.3828125 0.5703125 0.0609375 0.021875