0 0.4796875 0.44609375 0.4875 0.0109375
3 0.48203125 0.4703125 0.0140625 0.05
3 0.53359375 0.46875 0.01875 0.046875
3 0.28515625 0.46015625 0.0140625 0.028125
3 0.3203125 0.459375 0.0140625 0.028125
3 0.3765625 0.4546875 0.009375 0.01875
3 0.43125 0.46328125 0.0171875 0.0375
4 0.28515625 0.43671875 0.0140625 0.01875
4 0.3203125 0.4390625 0.0140625 0.0125
4 0.3765625 0.43046875 0.009375 0.028125
4 0.43125 0.43125 0.0171875 0.028125
4 0.48203125 0.43359375 0.0140625 0.025
4 0.53359375 0.4296875 0.01875 0.03125
1 0.346875 0.39453125 0.0671875 0.040625
2 0.296875 0.44921875 0.0375 0.025
2 0.3453125 0.44296875 0.059375 0.0375
2 0.4 0.44609375 0.053125 0.040625
2 0.45234375 0.44921875 0.0578125 0.0375
2 0.503125 0.45703125 0.04375 0.03125