0 0.5515625 0.56875 0.546875 0.0125
3 0.74609375 0.5546875 0.0125 0.03125
3 0.67890625 0.55 0.0125 0.0375
3 0.6265625 0.56015625 0.00625 0.01875
3 0.56875 0.55390625 0.0125 0.028125
3 0.515625 0.55859375 0.009375 0.021875
3 0.46796875 0.55625 0.009375 0.0265625
3 0.42109375 0.559375 0.009375 0.0171875
3 0.36171875 0.559375 0.00625 0.01875
4 0.74609375 0.584375 0.0125 0.028125
4 0.67890625 0.58671875 0.0140625 0.034375
4 0.6265625 0.5828125 0.009375 0.0265625
4 0.56796875 0.5875 0.0125 0.0375
4 0.515625 0.584375 0.009375 0.028125
4 0.46796875 0.58203125 0.009375 0.025
4 0.421875 0.5828125 0.009375 0.028125
4 0.36171875 0.58515625 0.00625 0.034375
1 0.62890625 0.62578125 0.0625 0.040625
2 0.709375 0.56875 0.065625 0.0453125
2 0.65625 0.56875 0.05625 0.034375
2 0.59765625 0.57109375 0.053125 0.025
2 0.5421875 0.571875 0.059375 0.028125
2 0.4921875 0.5703125 0.05 0.025
2 0.44375 0.57421875 0.046875 0.028125
2 0.390625 0.5703125 0.053125 0.025