0 0.5203125 0.55390625 0.4875 0.0109375
3 0.51796875 0.5296875 0.0140625 0.05
3 0.46640625 0.53125 0.01875 0.046875
3 0.71484375 0.53984375 0.0140625 0.028125
3 0.6796875 0.540625 0.0140625 0.028125
3 0.6234375 0.5453125 0.009375 0.01875
3 0.56875 0.53671875 0.0171875 0.0375
4 0.71484375 0.56328125 0.0140625 0.01875
4 0.6796875 0.5609375 0.0140625 0.0125
4 0.6234375 0.56953125 0.009375 0.028125
4 0.56875 0.56875 0.0171875 0.028125
4 0.51796875 0.56640625 0.0140625 0.025
4 0.46640625 0.5703125 0.01875 0.03125
1 0.653125 0.60546875 0.0671875 0.040625
2 0.703125 0.55078125 0.0375 0.025
2 0.6546875 0.55703125 0.059375 0.0375
2 0.6 0.55390625 0.053125 0.040625
2 0.54765625 0.55078125 0.0578125 0.0375
2 0.496875 0.54296875 0.04375 0.03125