0 0.52265625 0.4875 0.003125 0.546875
4 0.5296875 0.34296875 0.01484375 0.00625
3 0.49765625 0.34296875 0.046875 0.00859375
4 0.5366078125 0.4012546875 0.5212046875 0.394084375 0.5209828125 0.4039328125 0.531696875 0.40750624999999996 0.5366078125 0.4012546875
3 0.5209828125 0.394109375 0.484375 0.3829234375 0.480803125 0.39455625 0.51875 0.4043796875 0.5209828125 0.394109375
4 0.5390625 0.46484375 0.0296875 0.009375
3 0.49765625 0.465625 0.05 0.01015625
4 0.550446875 0.531203125 0.5239953125000001 0.532478125 0.5232140625 0.541028125 0.5491078125 0.54058125 0.550446875 0.531203125
3 0.5046875 0.5390625 0.03671875 0.00703125
1 0.6265625 0.55234375 0.0375 0.0828125
2 0.53203125 0.371875 0.00859375 0.0609375
2 0.53359375 0.43359375 0.0125 0.06484375
2 0.54609375 0.50078125 0.00546875 0.06953125